1	1	6.405860829000761	10.660167542748738	10.
2	1	4.144968771706375	5.438860991198337	10.
3	1	6.782676171883159	7.396850948029736	10.
4	1	9.420383572059944	9.354840904861137	10.
5	1	12.058090972236727	11.312830861692538	10.
6	1	1.8840767144119888	0.21755443964793336	10.
7	1	4.5217841145887725	2.175544396479334	10.
8	1	7.159491514765556	4.1335343533107345	10.
9	1	9.797198914942342	6.091524310142137	10.
10	1	12.434906315119125	8.049514266973537	10.
11	1	15.072613715295908	10.007504223804936	10.
12	1	17.710321115472695	11.96549418063634	10.
13	1	7.536306857647954	0.8702177585917333	10.
14	1	10.174014257824737	2.8282077154231344	10.
15	1	12.811721658001522	4.786197672254535	10.
16	1	15.449429058178307	6.744187629085936	10.
17	1	18.08713645835509	8.702177585917337	10.
18	1	13.18853700088392	1.5228810775355335	10.
19	1	15.826244401060704	3.4808710343669347	10.
20	2	5.652230143235965	8.919732025565269	11.65931461754545
21	2	8.28993754341275	10.877721982396674	11.65931461754545
22	2	3.3913380859415803	3.698425474014868	11.65931461754545
23	2	6.029045486118362	5.656415430846269	11.65931461754545
24	2	8.666752886295146	7.614405387677669	11.65931461754545
25	2	11.304460286471933	9.57239534450907	11.65931461754545
26	2	13.942167686648716	11.530385301340473	11.65931461754545
27	2	3.7681534288239775	0.4351088792958667	11.65931461754545
28	2	6.405860829000759	2.3930988361272676	11.65931461754545
29	2	9.043568229177543	4.351088792958668	11.65931461754545
30	2	11.68127562935433	6.3090787497900696	11.65931461754545
31	2	14.318983029531111	8.267068706621469	11.65931461754545
32	2	16.956690429707898	10.22505866345287	11.65931461754545
33	2	19.594397829884684	12.183048620284273	11.65931461754545
34	2	9.420383572059942	1.0877721982396666	11.65931461754545
35	2	12.058090972236727	3.0457621550710674	11.65931461754545
36	2	14.69579837241351	5.003752111902468	11.65931461754545
37	2	17.333505772590296	6.961742068733869	11.65931461754545
38	2	15.072613715295908	1.7404355171834667	11.65931461754545
39	3	5.652230143235965	8.919732025565269	8.34068538245455
40	3	8.28993754341275	10.877721982396674	8.34068538245455
41	3	3.3913380859415803	3.698425474014868	8.34068538245455
42	3	6.029045486118362	5.656415430846269	8.34068538245455
43	3	8.666752886295146	7.614405387677669	8.34068538245455
44	3	11.304460286471933	9.57239534450907	8.34068538245455
45	3	13.942167686648716	11.530385301340473	8.34068538245455
46	3	3.7681534288239775	0.4351088792958667	8.34068538245455
47	3	6.405860829000759	2.3930988361272676	8.34068538245455
48	3	9.043568229177543	4.351088792958668	8.34068538245455
49	3	11.68127562935433	6.3090787497900696	8.34068538245455
50	3	14.318983029531111	8.267068706621469	8.34068538245455
51	3	16.956690429707898	10.22505866345287	8.34068538245455
52	3	19.594397829884684	12.183048620284273	8.34068538245455
53	3	9.420383572059942	1.0877721982396666	8.34068538245455
54	3	12.058090972236727	3.0457621550710674	8.34068538245455
55	3	14.69579837241351	5.003752111902468	8.34068538245455
56	3	17.333505772590296	6.961742068733869	8.34068538245455
57	3	15.072613715295908	1.7404355171834667	8.34068538245455
58	4	9.043568229177543	12.183048620284275	16.46
59	4	5.652230143235966	7.614405387677671	16.46
60	4	8.666752886295146	8.919732025565272	16.46
61	4	11.681275629354328	10.225058663452874	16.46
62	4	14.69579837241351	11.530385301340473	16.46
63	4	2.2608920572943862	3.0457621550710687	16.46
64	4	5.275414800353568	4.351088792958669	16.46
65	4	8.28993754341275	5.656415430846271	16.46
66	4	11.304460286471931	6.961742068733871	16.46
67	4	14.318983029531111	8.267068706621473	16.46
68	4	17.333505772590293	9.572395344509074	16.46
69	4	20.348028515649474	10.877721982396674	16.46
70	4	4.898599457471171	1.0877721982396675	16.46
71	4	7.913122200530352	2.3930988361272685	16.46
72	4	10.927644943589533	3.698425474014869	16.46
73	4	13.942167686648716	5.003752111902471	16.46
74	4	16.956690429707894	6.30907874979007	16.46
75	4	10.550829600707136	0.43510887929586756	16.46
76	4	13.565352343766317	1.7404355171834685	16.46
77	5	7.913122200530349	10.660167542748741	18.119314617545452
78	5	10.92764494358953	11.965494180636341	18.119314617545452
79	5	4.5217841145887725	6.0915243101421375	18.119314617545452
80	5	7.536306857647952	7.396850948029738	18.119314617545452
81	5	10.550829600707134	8.702177585917338	18.119314617545452
82	5	13.565352343766317	10.007504223804942	18.119314617545452
83	5	16.5798750868255	11.312830861692541	18.119314617545452
84	5	1.1304460286471931	1.5228810775355344	18.119314617545452
85	5	4.144968771706375	2.828207715423135	18.119314617545452
86	5	7.159491514765555	4.133534353310736	18.119314617545452
87	5	10.174014257824737	5.438860991198337	18.119314617545452
88	5	13.18853700088392	6.744187629085938	18.119314617545452
89	5	16.2030597439431	8.049514266973539	18.119314617545452
90	5	19.217582487002286	9.354840904861142	18.119314617545452
91	5	6.782676171883158	0.8702177585917344	18.119314617545452
92	5	9.79719891494234	2.175544396479335	18.119314617545452
93	5	12.811721658001522	3.480871034366936	18.119314617545452
94	5	15.826244401060704	4.786197672254537	18.119314617545452
95	5	12.434906315119125	0.21755443964793433	18.119314617545452
96	6	7.913122200530349	10.660167542748741	14.800685382454553
97	6	10.92764494358953	11.965494180636341	14.800685382454553
98	6	4.5217841145887725	6.0915243101421375	14.800685382454553
99	6	7.536306857647952	7.396850948029738	14.800685382454553
100	6	10.550829600707134	8.702177585917338	14.800685382454553
101	6	13.565352343766317	10.007504223804942	14.800685382454553
102	6	16.5798750868255	11.312830861692541	14.800685382454553
103	6	1.1304460286471931	1.5228810775355344	14.800685382454553
104	6	4.144968771706375	2.828207715423135	14.800685382454553
105	6	7.159491514765555	4.133534353310736	14.800685382454553
106	6	10.174014257824737	5.438860991198337	14.800685382454553
107	6	13.18853700088392	6.744187629085938	14.800685382454553
108	6	16.2030597439431	8.049514266973539	14.800685382454553
109	6	19.217582487002286	9.354840904861142	14.800685382454553
110	6	6.782676171883158	0.8702177585917344	14.800685382454553
111	6	9.79719891494234	2.175544396479335	14.800685382454553
112	6	12.811721658001522	3.480871034366936	14.800685382454553
113	6	15.826244401060704	4.786197672254537	14.800685382454553
114	6	12.434906315119125	0.21755443964793433	14.800685382454553