1	1	11.987132791517553	20.519488844474772	10.
2	1	9.463525888040172	15.419970906794651	10.
3	1	12.197433366807333	17.241227313108983	10.
4	1	14.931340845574493	19.06248371942331	10.
5	1	17.665248324341658	20.88374012573764	10.
6	1	6.9399189845627935	10.32045296911453	10.
7	1	9.673826463329954	12.141709375428858	10.
8	1	12.407733942097115	13.962965781743188	10.
9	1	15.141641420864275	15.784222188057518	10.
10	1	17.87554889963144	17.605478594371846	10.
11	1	20.609456378398598	19.426735000686175	10.
12	1	23.343363857165762	21.247991407000505	10.
13	1	4.416312081085414	5.22093503143441	10.
14	1	7.150219559852575	7.0421914377487385	10.
15	1	9.884127038619736	8.863447844063067	10.
16	1	12.618034517386898	10.684704250377395	10.
17	1	15.351941996154057	12.505960656691725	10.
18	1	18.085849474921222	14.327217063006055	10.
19	1	20.81975695368838	16.148473469320383	10.
20	1	23.553664432455545	17.969729875634712	10.
21	1	26.2875719112227	19.79098628194904	10.
22	1	29.021479389989864	21.61224268826337	10.
23	1	1.892705177608035	0.12141709375428869	10.
24	1	4.626612656375197	1.9426735000686175	10.
25	1	7.360520135142357	3.7639299063829466	10.
26	1	10.094427613909518	5.585186312697275	10.
27	1	12.82833509267668	7.406442719011604	10.
28	1	15.56224257144384	9.227699125325934	10.
29	1	18.296150050211004	11.048955531640262	10.
30	1	21.030057528978162	12.87021193795459	10.
31	1	23.763965007745323	14.69146834426892	10.
32	1	26.49787248651248	16.51272475058325	10.
33	1	29.231779965279646	18.33398115689758	10.
34	1	31.96568744404681	20.155237563211905	10.
35	1	34.69959492281397	21.976493969526235	10.
36	1	7.570820710432139	0.48566837501715465	10.
37	1	10.304728189199299	2.3069247813314835	10.
38	1	13.038635667966462	4.128181187645812	10.
39	1	15.772543146733621	5.949437593960141	10.
40	1	18.506450625500786	7.77069400027447	10.
41	1	21.240358104267944	9.5919504065888	10.
42	1	23.974265583035105	11.413206812903129	10.
43	1	26.708173061802263	13.234463219217456	10.
44	1	29.442080540569428	15.055719625531786	10.
45	1	32.17598801933659	16.876976031846116	10.
46	1	34.90989549810375	18.698232438160446	10.
47	1	13.248936243256244	0.8499196562800206	10.
48	1	15.982843722023402	2.6711760625943493	10.
49	1	18.71675120079057	4.492432468908678	10.
50	1	21.450658679557726	6.313688875223008	10.
51	1	24.184566158324888	8.134945281537336	10.
52	1	26.918473637092045	9.956201687851665	10.
53	1	29.65238111585921	11.777458094165993	10.
54	1	32.38628859462637	13.598714500480321	10.
55	1	18.92705177608035	1.2141709375428869	10.
56	1	21.66095925484751	3.0354273438572155	10.
57	1	24.39486673361467	4.856683750171544	10.
58	1	27.128774212381828	6.677940156485874	10.
59	1	29.862681691148993	8.499196562800202	10.
60	1	24.605167308904452	1.5784222188057526	10.
61	1	27.33907478767161	3.399678625120082	10.
62	2	11.145930490358428	18.81964953191473	11.65931461754545
63	2	13.879837969125587	20.64090593822906	11.65931461754545
64	2	8.622323586881045	13.72013159423461	11.65931461754545
65	2	11.356231065648208	15.54138800054894	11.65931461754545
66	2	14.090138544415368	17.36264440686327	11.65931461754545
67	2	16.82404602318253	19.183900813177598	11.65931461754545
68	2	19.55795350194969	21.005157219491927	11.65931461754545
69	2	6.098716683403666	8.620613656554491	11.65931461754545
70	2	8.832624162170827	10.44187006286882	11.65931461754545
71	2	11.56653164093799	12.263126469183147	11.65931461754545
72	2	14.30043911970515	14.084382875497477	11.65931461754545
73	2	17.03434659847231	15.905639281811807	11.65931461754545
74	2	19.768254077239472	17.726895688126135	11.65931461754545
75	2	22.502161556006634	19.548152094440464	11.65931461754545
76	2	25.23606903477379	21.36940850075479	11.65931461754545
77	2	3.5751097799262883	3.5210957188743692	11.65931461754545
78	2	6.309017258693448	5.342352125188698	11.65931461754545
79	2	9.04292473746061	7.163608531503027	11.65931461754545
80	2	11.776832216227772	8.984864937817356	11.65931461754545
81	2	14.510739694994932	10.806121344131684	11.65931461754545
82	2	17.244647173762093	12.627377750446012	11.65931461754545
83	2	19.978554652529255	14.448634156760342	11.65931461754545
84	2	22.712462131296416	16.26989056307467	11.65931461754545
85	2	25.44636961006357	18.091146969389	11.65931461754545
86	2	28.180277088830735	19.912403375703327	11.65931461754545
87	2	30.914184567597896	21.733659782017657	11.65931461754545
88	2	3.78541035521607	0.24283418750857738	11.65931461754545
89	2	6.519317833983229	2.064090593822906	11.65931461754545
90	2	9.253225312750391	3.885347000137235	11.65931461754545
91	2	11.987132791517553	5.706603406451564	11.65931461754545
92	2	14.721040270284714	7.527859812765893	11.65931461754545
93	2	17.454947749051875	9.349116219080223	11.65931461754545
94	2	20.188855227819037	11.17037262539455	11.65931461754545
95	2	22.922762706586198	12.991629031708879	11.65931461754545
96	2	25.656670185353352	14.812885438023208	11.65931461754545
97	2	28.390577664120517	16.634141844337538	11.65931461754545
98	2	31.12448514288768	18.455398250651868	11.65931461754545
99	2	33.85839262165485	20.276654656966194	11.65931461754545
100	2	36.592300100422	22.097911063280524	11.65931461754545
101	2	9.463525888040174	0.6070854687714433	11.65931461754545
102	2	12.197433366807335	2.428341875085772	11.65931461754545
103	2	14.931340845574496	4.249598281400101	11.65931461754545
104	2	17.665248324341658	6.070854687714431	11.65931461754545
105	2	20.39915580310882	7.892111094028759	11.65931461754545
106	2	23.13306328187598	9.713367500343088	11.65931461754545
107	2	25.866970760643134	11.534623906657417	11.65931461754545
108	2	28.6008782394103	13.355880312971745	11.65931461754545
109	2	31.33478571817746	15.177136719286075	11.65931461754545
110	2	34.06869319694463	16.998393125600405	11.65931461754545
111	2	15.141641420864278	0.9713367500343093	11.65931461754545
112	2	17.87554889963144	2.7925931563486386	11.65931461754545
113	2	20.609456378398598	4.613849562662967	11.65931461754545
114	2	23.343363857165762	6.435105968977297	11.65931461754545
115	2	26.077271335932917	8.256362375291625	11.65931461754545
116	2	28.81117881470008	10.077618781605954	11.65931461754545
117	2	31.545086293467243	11.898875187920282	11.65931461754545
118	2	20.81975695368838	1.3355880312971755	11.65931461754545
119	2	23.553664432455545	3.1568444376115044	11.65931461754545
120	2	26.2875719112227	4.978100843925833	11.65931461754545
121	2	29.021479389989864	6.7993572502401625	11.65931461754545
122	2	26.49787248651248	1.699839312560041	11.65931461754545
123	3	11.145930490358428	18.81964953191473	8.34068538245455
124	3	13.879837969125587	20.64090593822906	8.34068538245455
125	3	8.622323586881045	13.72013159423461	8.34068538245455
126	3	11.356231065648208	15.54138800054894	8.34068538245455
127	3	14.090138544415368	17.36264440686327	8.34068538245455
128	3	16.82404602318253	19.183900813177598	8.34068538245455
129	3	19.55795350194969	21.005157219491927	8.34068538245455
130	3	6.098716683403666	8.620613656554491	8.34068538245455
131	3	8.832624162170827	10.44187006286882	8.34068538245455
132	3	11.56653164093799	12.263126469183147	8.34068538245455
133	3	14.30043911970515	14.084382875497477	8.34068538245455
134	3	17.03434659847231	15.905639281811807	8.34068538245455
135	3	19.768254077239472	17.726895688126135	8.34068538245455
136	3	22.502161556006634	19.548152094440464	8.34068538245455
137	3	25.23606903477379	21.36940850075479	8.34068538245455
138	3	3.5751097799262883	3.5210957188743692	8.34068538245455
139	3	6.309017258693448	5.342352125188698	8.34068538245455
140	3	9.04292473746061	7.163608531503027	8.34068538245455
141	3	11.776832216227772	8.984864937817356	8.34068538245455
142	3	14.510739694994932	10.806121344131684	8.34068538245455
143	3	17.244647173762093	12.627377750446012	8.34068538245455
144	3	19.978554652529255	14.448634156760342	8.34068538245455
145	3	22.712462131296416	16.26989056307467	8.34068538245455
146	3	25.44636961006357	18.091146969389	8.34068538245455
147	3	28.180277088830735	19.912403375703327	8.34068538245455
148	3	30.914184567597896	21.733659782017657	8.34068538245455
149	3	3.78541035521607	0.24283418750857738	8.34068538245455
150	3	6.519317833983229	2.064090593822906	8.34068538245455
151	3	9.253225312750391	3.885347000137235	8.34068538245455
152	3	11.987132791517553	5.706603406451564	8.34068538245455
153	3	14.721040270284714	7.527859812765893	8.34068538245455
154	3	17.454947749051875	9.349116219080223	8.34068538245455
155	3	20.188855227819037	11.17037262539455	8.34068538245455
156	3	22.922762706586198	12.991629031708879	8.34068538245455
157	3	25.656670185353352	14.812885438023208	8.34068538245455
158	3	28.390577664120517	16.634141844337538	8.34068538245455
159	3	31.12448514288768	18.455398250651868	8.34068538245455
160	3	33.85839262165485	20.276654656966194	8.34068538245455
161	3	36.592300100422	22.097911063280524	8.34068538245455
162	3	9.463525888040174	0.6070854687714433	8.34068538245455
163	3	12.197433366807335	2.428341875085772	8.34068538245455
164	3	14.931340845574496	4.249598281400101	8.34068538245455
165	3	17.665248324341658	6.070854687714431	8.34068538245455
166	3	20.39915580310882	7.892111094028759	8.34068538245455
167	3	23.13306328187598	9.713367500343088	8.34068538245455
168	3	25.866970760643134	11.534623906657417	8.34068538245455
169	3	28.6008782394103	13.355880312971745	8.34068538245455
170	3	31.33478571817746	15.177136719286075	8.34068538245455
171	3	34.06869319694463	16.998393125600405	8.34068538245455
172	3	15.141641420864278	0.9713367500343093	8.34068538245455
173	3	17.87554889963144	2.7925931563486386	8.34068538245455
174	3	20.609456378398598	4.613849562662967	8.34068538245455
175	3	23.343363857165762	6.435105968977297	8.34068538245455
176	3	26.077271335932917	8.256362375291625	8.34068538245455
177	3	28.81117881470008	10.077618781605954	8.34068538245455
178	3	31.545086293467243	11.898875187920282	8.34068538245455
179	3	20.81975695368838	1.3355880312971755	8.34068538245455
180	3	23.553664432455545	3.1568444376115044	8.34068538245455
181	3	26.2875719112227	4.978100843925833	8.34068538245455
182	3	29.021479389989864	6.7993572502401625	8.34068538245455
183	3	26.49787248651248	1.699839312560041	8.34068538245455
184	4	14.721040270284718	22.09791106328052	16.46
185	4	11.566531640937992	17.362644406863268	16.46
186	4	14.510739694994935	18.81964953191473	16.46
187	4	17.454947749051875	20.276654656966194	16.46
188	4	20.399155803108822	21.733659782017654	16.46
189	4	8.412023011591266	12.627377750446012	16.46
190	4	11.35623106564821	14.084382875497477	16.46
191	4	14.300439119705153	15.54138800054894	16.46
192	4	17.244647173762093	16.9983931256004	16.46
193	4	20.18885522781904	18.455398250651864	16.46
194	4	23.133063281875984	19.912403375703327	16.46
195	4	26.077271335932927	21.36940850075479	16.46
196	4	5.257514382244542	7.892111094028759	16.46
197	4	8.201722436301484	9.349116219080221	16.46
198	4	11.145930490358428	10.806121344131684	16.46
199	4	14.090138544415371	12.263126469183147	16.46
200	4	17.03434659847231	13.72013159423461	16.46
201	4	19.978554652529258	15.177136719286075	16.46
202	4	22.9227627065862	16.634141844337535	16.46
203	4	25.866970760643145	18.091146969388998	16.46
204	4	28.811178814700078	19.548152094440464	16.46
205	4	31.75538686875703	21.005157219491924	16.46
206	4	2.103005752897817	3.156844437611503	16.46
207	4	5.04721380695476	4.613849562662966	16.46
208	4	7.991421861011703	6.070854687714429	16.46
209	4	10.935629915068645	7.527859812765893	16.46
210	4	13.879837969125589	8.984864937817354	16.46
211	4	16.82404602318253	10.441870062868817	16.46
212	4	19.768254077239476	11.89887518792028	16.46
213	4	22.71246213129642	13.355880312971745	16.46
214	4	25.656670185353363	14.812885438023208	16.46
215	4	28.600878239410296	16.269890563074668	16.46
216	4	31.545086293467246	17.726895688126135	16.46
217	4	34.489294347524186	19.183900813177598	16.46
218	4	37.43350240158114	20.640905938229057	16.46
219	4	4.836913231664979	1.3355880312971744	16.46
220	4	7.7811212857219205	2.7925931563486373	16.46
221	4	10.725329339778863	4.2495982814001	16.46
222	4	13.669537393835807	5.706603406451563	16.46
223	4	16.61374544789275	7.163608531503027	16.46
224	4	19.557953501949694	8.62061365655449	16.46
225	4	22.502161556006637	10.07761878160595	16.46
226	4	25.44636961006358	11.534623906657416	16.46
227	4	28.390577664120514	12.991629031708879	16.46
228	4	31.334785718177464	14.448634156760342	16.46
229	4	34.27899377223441	15.905639281811803	16.46
230	4	10.515028764489081	0.9713367500343082	16.46
231	4	13.459236818546026	2.4283418750857715	16.46
232	4	16.403444872602968	3.8853470001372346	16.46
233	4	19.347652926659915	5.342352125188698	16.46
234	4	22.291860980716855	6.799357250240161	16.46
235	4	25.2360690347738	8.256362375291623	16.46
236	4	28.18027708883073	9.713367500343086	16.46
237	4	31.124485142887682	11.170372625394549	16.46
238	4	16.193144297313186	0.6070854687714423	16.46
239	4	19.137352351370133	2.0640905938229053	16.46
240	4	22.081560405427073	3.521095718874368	16.46
241	4	25.025768459484016	4.978100843925831	16.46
242	4	27.96997651354095	6.435105968977295	16.46
243	4	21.87125983013729	0.2428341875085762	16.46
244	4	24.815467884194234	1.699839312560039	16.46
245	5	13.669537393835807	20.519488844474772	18.119314617545452
246	5	16.61374544789275	21.97649396952623	18.119314617545452
247	5	10.515028764489081	15.784222188057518	18.119314617545452
248	5	13.459236818546026	17.24122731310898	18.119314617545452
249	5	16.403444872602968	18.698232438160442	18.119314617545452
250	5	19.347652926659915	20.155237563211905	18.119314617545452
251	5	22.291860980716855	21.61224268826337	18.119314617545452
252	5	7.360520135142357	11.04895553164026	18.119314617545452
253	5	10.3047281891993	12.505960656691725	18.119314617545452
254	5	13.248936243256244	13.962965781743188	18.119314617545452
255	5	16.193144297313186	15.419970906794651	18.119314617545452
256	5	19.137352351370133	16.876976031846112	18.119314617545452
257	5	22.081560405427073	18.333981156897575	18.119314617545452
258	5	25.025768459484016	19.79098628194904	18.119314617545452
259	5	27.969976513540956	21.2479914070005	18.119314617545452
260	5	4.206011505795634	6.313688875223006	18.119314617545452
261	5	7.150219559852575	7.77069400027447	18.119314617545452
262	5	10.094427613909518	9.227699125325932	18.119314617545452
263	5	13.038635667966464	10.684704250377395	18.119314617545452
264	5	15.982843722023405	12.141709375428858	18.119314617545452
265	5	18.92705177608035	13.598714500480321	18.119314617545452
266	5	21.87125983013729	15.055719625531786	18.119314617545452
267	5	24.815467884194234	16.512724750583246	18.119314617545452
268	5	27.759675938251174	17.96972987563471	18.119314617545452
269	5	30.703883992308114	19.426735000686175	18.119314617545452
270	5	33.64809204636506	20.883740125737635	18.119314617545452
271	5	1.0515028764489085	1.5784222188057515	18.119314617545452
272	5	3.9957109305058522	3.0354273438572146	18.119314617545452
273	5	6.9399189845627935	4.492432468908677	18.119314617545452
274	5	9.884127038619738	5.94943759396014	18.119314617545452
275	5	12.828335092676681	7.406442719011604	18.119314617545452
276	5	15.772543146733623	8.863447844063067	18.119314617545452
277	5	18.71675120079057	10.320452969114529	18.119314617545452
278	5	21.66095925484751	11.777458094165992	18.119314617545452
279	5	24.605167308904452	13.234463219217456	18.119314617545452
280	5	27.549375362961392	14.69146834426892	18.119314617545452
281	5	30.493583417018332	16.14847346932038	18.119314617545452
282	5	33.43779147107528	17.605478594371846	18.119314617545452
283	5	36.38199952513222	19.06248371942331	18.119314617545452
284	5	6.729618409273011	1.2141709375428857	18.119314617545452
285	5	9.673826463329956	2.671176062594349	18.119314617545452
286	5	12.6180345173869	4.128181187645811	18.119314617545452
287	5	15.562242571443841	5.5851863126972745	18.119314617545452
288	5	18.506450625500786	7.0421914377487385	18.119314617545452
289	5	21.450658679557726	8.4991965628002	18.119314617545452
290	5	24.39486673361467	9.956201687851662	18.119314617545452
291	5	27.33907478767161	11.413206812903127	18.119314617545452
292	5	30.28328284172855	12.87021193795459	18.119314617545452
293	5	33.2274908957855	14.327217063006055	18.119314617545452
294	5	12.407733942097117	0.8499196562800195	18.119314617545452
295	5	15.35194199615406	2.3069247813314826	18.119314617545452
296	5	18.296150050211004	3.763929906382945	18.119314617545452
297	5	21.240358104267944	5.220935031434409	18.119314617545452
298	5	24.184566158324888	6.677940156485873	18.119314617545452
299	5	27.128774212381828	8.134945281537334	18.119314617545452
300	5	30.072982266438768	9.591950406588797	18.119314617545452
301	5	18.085849474921222	0.4856683750171535	18.119314617545452
302	5	21.030057528978162	1.9426735000686164	18.119314617545452
303	5	23.974265583035105	3.399678625120079	18.119314617545452
304	5	26.918473637092045	4.856683750171543	18.119314617545452
305	5	23.763965007745323	0.12141709375428755	18.119314617545452
306	6	13.669537393835807	20.519488844474772	14.800685382454553
307	6	16.61374544789275	21.97649396952623	14.800685382454553
308	6	10.515028764489081	15.784222188057518	14.800685382454553
309	6	13.459236818546026	17.24122731310898	14.800685382454553
310	6	16.403444872602968	18.698232438160442	14.800685382454553
311	6	19.347652926659915	20.155237563211905	14.800685382454553
312	6	22.291860980716855	21.61224268826337	14.800685382454553
313	6	7.360520135142357	11.04895553164026	14.800685382454553
314	6	10.3047281891993	12.505960656691725	14.800685382454553
315	6	13.248936243256244	13.962965781743188	14.800685382454553
316	6	16.193144297313186	15.419970906794651	14.800685382454553
317	6	19.137352351370133	16.876976031846112	14.800685382454553
318	6	22.081560405427073	18.333981156897575	14.800685382454553
319	6	25.025768459484016	19.79098628194904	14.800685382454553
320	6	27.969976513540956	21.2479914070005	14.800685382454553
321	6	4.206011505795634	6.313688875223006	14.800685382454553
322	6	7.150219559852575	7.77069400027447	14.800685382454553
323	6	10.094427613909518	9.227699125325932	14.800685382454553
324	6	13.038635667966464	10.684704250377395	14.800685382454553
325	6	15.982843722023405	12.141709375428858	14.800685382454553
326	6	18.92705177608035	13.598714500480321	14.800685382454553
327	6	21.87125983013729	15.055719625531786	14.800685382454553
328	6	24.815467884194234	16.512724750583246	14.800685382454553
329	6	27.759675938251174	17.96972987563471	14.800685382454553
330	6	30.703883992308114	19.426735000686175	14.800685382454553
331	6	33.64809204636506	20.883740125737635	14.800685382454553
332	6	1.0515028764489085	1.5784222188057515	14.800685382454553
333	6	3.9957109305058522	3.0354273438572146	14.800685382454553
334	6	6.9399189845627935	4.492432468908677	14.800685382454553
335	6	9.884127038619738	5.94943759396014	14.800685382454553
336	6	12.828335092676681	7.406442719011604	14.800685382454553
337	6	15.772543146733623	8.863447844063067	14.800685382454553
338	6	18.71675120079057	10.320452969114529	14.800685382454553
339	6	21.66095925484751	11.777458094165992	14.800685382454553
340	6	24.605167308904452	13.234463219217456	14.800685382454553
341	6	27.549375362961392	14.69146834426892	14.800685382454553
342	6	30.493583417018332	16.14847346932038	14.800685382454553
343	6	33.43779147107528	17.605478594371846	14.800685382454553
344	6	36.38199952513222	19.06248371942331	14.800685382454553
345	6	6.729618409273011	1.2141709375428857	14.800685382454553
346	6	9.673826463329956	2.671176062594349	14.800685382454553
347	6	12.6180345173869	4.128181187645811	14.800685382454553
348	6	15.562242571443841	5.5851863126972745	14.800685382454553
349	6	18.506450625500786	7.0421914377487385	14.800685382454553
350	6	21.450658679557726	8.4991965628002	14.800685382454553
351	6	24.39486673361467	9.956201687851662	14.800685382454553
352	6	27.33907478767161	11.413206812903127	14.800685382454553
353	6	30.28328284172855	12.87021193795459	14.800685382454553
354	6	33.2274908957855	14.327217063006055	14.800685382454553
355	6	12.407733942097117	0.8499196562800195	14.800685382454553
356	6	15.35194199615406	2.3069247813314826	14.800685382454553
357	6	18.296150050211004	3.763929906382945	14.800685382454553
358	6	21.240358104267944	5.220935031434409	14.800685382454553
359	6	24.184566158324888	6.677940156485873	14.800685382454553
360	6	27.128774212381828	8.134945281537334	14.800685382454553
361	6	30.072982266438768	9.591950406588797	14.800685382454553
362	6	18.085849474921222	0.4856683750171535	14.800685382454553
363	6	21.030057528978162	1.9426735000686164	14.800685382454553
364	6	23.974265583035105	3.399678625120079	14.800685382454553
365	6	26.918473637092045	4.856683750171543	14.800685382454553
366	6	23.763965007745323	0.12141709375428755	14.800685382454553