1	1	23.303534551853858	40.2341565388235	10.
2	1	20.627530584176856	35.21293380277833	10.
3	1	23.415034717173732	36.95104936525551	10.
4	1	26.2025388501706	38.689164927732676	10.
5	1	28.990042983167477	40.42728049020985	10.
6	1	17.951526616499862	30.191711066733156	10.
7	1	20.739030749496735	31.929826629210332	10.
8	1	23.52653488249361	33.6679421916875	10.
9	1	26.31403901549048	35.406057754164685	10.
10	1	29.10154314848736	37.14417331664186	10.
11	1	31.889047281484228	38.88228887911903	10.
12	1	34.676551414481104	40.62040444159621	10.
13	1	15.275522648822863	25.17048833068798	10.
14	1	18.063026781819737	26.908603893165157	10.
15	1	20.85053091481661	28.646719455642334	10.
16	1	23.638035047813485	30.384835018119507	10.
17	1	26.425539180810354	32.12295058059669	10.
18	1	29.213043313807233	33.86106614307386	10.
19	1	32.000547446804106	35.59918170555104	10.
20	1	34.788051579800985	37.337297268028216	10.
21	1	37.57555571279784	39.075412830505385	10.
22	1	40.36305984579473	40.81352839298257	10.
23	1	12.599518681145867	20.14926559464281	10.
24	1	15.387022814142737	21.887381157119986	10.
25	1	18.174526947139615	23.625496719597162	10.
26	1	20.962031080136487	25.363612282074335	10.
27	1	23.74953521313336	27.10172784455151	10.
28	1	26.53703934613023	28.839843407028685	10.
29	1	29.324543479127108	30.57795896950586	10.
30	1	32.11204761212398	32.31607453198304	10.
31	1	34.89955174512086	34.05419009446022	10.
32	1	37.687055878117725	35.792305656937394	10.
33	1	40.474560011114605	37.53042121941457	10.
34	1	43.26206414411147	39.26853678189174	10.
35	1	46.04956827710834	41.006652344368916	10.
36	1	9.923514713468869	15.128042858597635	10.
37	1	12.711018846465743	16.866158421074815	10.
38	1	15.498522979462615	18.60427398355199	10.
39	1	18.28602711245949	20.34238954602916	10.
40	1	21.073531245456362	22.08050510850634	10.
41	1	23.861035378453238	23.818620670983517	10.
42	1	26.648539511450103	25.556736233460693	10.
43	1	29.436043644446983	27.29485179593787	10.
44	1	32.223547777443855	29.032967358415043	10.
45	1	35.011051910440735	30.77108292089222	10.
46	1	37.7985560434376	32.509198483369396	10.
47	1	40.58606017643448	34.24731404584657	10.
48	1	43.37356430943135	35.98542960832375	10.
49	1	46.161068442428224	37.723545170800925	10.
50	1	48.948572575425096	39.461660733278094	10.
51	1	51.73607670842196	41.19977629575527	10.
52	1	7.247510745791869	10.106820122552463	10.
53	1	10.035014878788743	11.844935685029641	10.
54	1	12.822519011785618	13.583051247506816	10.
55	1	15.61002314478249	15.32116680998399	10.
56	1	18.397527277779368	17.059282372461166	10.
57	1	21.18503141077624	18.797397934938346	10.
58	1	23.972535543773112	20.53551349741552	10.
59	1	26.76003967676998	22.273629059892695	10.
60	1	29.547543809766857	24.01174462236987	10.
61	1	32.33504794276373	25.749860184847044	10.
62	1	35.12255207576061	27.48797574732422	10.
63	1	37.910056208757474	29.226091309801397	10.
64	1	40.697560341754354	30.964206872278574	10.
65	1	43.485064474751226	32.70232243475575	10.
66	1	46.2725686077481	34.44043799723293	10.
67	1	49.06007274074498	36.1785535597101	10.
68	1	51.84757687374184	37.91666912218728	10.
69	1	54.63508100673872	39.65478468466445	10.
70	1	57.422585139735595	41.392900247141625	10.
71	1	4.571506778114872	5.08559738650729	10.
72	1	7.359010911111746	6.8237129489844675	10.
73	1	10.14651504410862	8.561828511461643	10.
74	1	12.934019177105494	10.299944073938818	10.
75	1	15.721523310102365	12.038059636415994	10.
76	1	18.509027443099242	13.77617519889317	10.
77	1	21.296531576096115	15.514290761370345	10.
78	1	24.084035709092987	17.252406323847524	10.
79	1	26.871539842089856	18.9905218863247	10.
80	1	29.65904397508674	20.728637448801873	10.
81	1	32.44654810808361	22.46675301127905	10.
82	1	35.234052241080484	24.204868573756226	10.
83	1	38.02155637407735	25.9429841362334	10.
84	1	40.80906050707423	27.681099698710575	10.
85	1	43.5965646400711	29.419215261187748	10.
86	1	46.38406877306797	31.157330823664925	10.
87	1	49.17157290606485	32.895446386142105	10.
88	1	51.95907703906172	34.63356194861928	10.
89	1	54.7465811720586	36.37167751109646	10.
90	1	57.53408530505547	38.109793073573634	10.
91	1	60.32158943805235	39.84790863605081	10.
92	1	63.109093571049215	41.58602419852798	10.
93	1	1.8955028104378748	0.06437465046211822	10.
94	1	4.683006943434749	1.802490212939294	10.
95	1	7.470511076431622	3.54060577541647	10.
96	1	10.258015209428496	5.2787213378936455	10.
97	1	13.04551934242537	7.016836900370822	10.
98	1	15.833023475422243	8.754952462847998	10.
99	1	18.62052760841912	10.493068025325172	10.
100	1	21.40803174141599	12.231183587802349	10.
101	1	24.19553587441286	13.969299150279523	10.
102	1	26.983040007409734	15.707414712756702	10.
103	1	29.770544140406614	17.445530275233875	10.
104	1	32.558048273403486	19.183645837711055	10.
105	1	35.345552406400365	20.921761400188227	10.
106	1	38.13305653939723	22.659876962665404	10.
107	1	40.9205606723941	24.39799252514258	10.
108	1	43.708064805390975	26.136108087619753	10.
109	1	46.49556893838785	27.874223650096933	10.
110	1	49.28307307138473	29.612339212574103	10.
111	1	52.07057720438159	31.350454775051283	10.
112	1	54.85808133737847	33.08857033752846	10.
113	1	57.645585470375345	34.826685900005636	10.
114	1	60.433089603372224	36.56480146248281	10.
115	1	63.220593736369096	38.30291702495999	10.
116	1	66.00809786936597	40.04103258743716	10.
117	1	68.79560200236286	41.779148149914334	10.
118	1	7.582011241751498	0.2574986018484729	10.
119	1	10.369515374748373	1.9956141643256486	10.
120	1	13.157019507745249	3.733729726802825	10.
121	1	15.944523640742117	5.47184528928	10.
122	1	18.732027773738995	7.209960851757176	10.
123	1	21.519531906735867	8.948076414234352	10.
124	1	24.30703603973274	10.686191976711529	10.
125	1	27.09454017272961	12.424307539188703	10.
126	1	29.882044305726488	14.16242310166588	10.
127	1	32.66954843872336	15.900538664143054	10.
128	1	35.45705257172024	17.638654226620233	10.
129	1	38.244556704717105	19.376769789097406	10.
130	1	41.032060837713985	21.114885351574582	10.
131	1	43.81956497071086	22.85300091405176	10.
132	1	46.60706910370772	24.591116476528935	10.
133	1	49.3945732367046	26.32923203900611	10.
134	1	52.18207736970147	28.067347601483288	10.
135	1	54.96958150269835	29.80546316396046	10.
136	1	57.75708563569522	31.543578726437637	10.
137	1	60.5445897686921	33.281694288914814	10.
138	1	63.33209390168897	35.01980985139199	10.
139	1	66.11959803468584	36.75792541386917	10.
140	1	68.90710216768272	38.49604097634634	10.
141	1	13.268519673065123	0.4506225532348276	10.
142	1	16.056023806061994	2.1887381157120034	10.
143	1	18.843527939058873	3.926853678189179	10.
144	1	21.631032072055742	5.664969240666355	10.
145	1	24.418536205052614	7.40308480314353	10.
146	1	27.206040338049483	9.141200365620707	10.
147	1	29.993544471046363	10.879315928097883	10.
148	1	32.781048604043235	12.61743149057506	10.
149	1	35.568552737040115	14.355547053052234	10.
150	1	38.35605687003698	16.093662615529407	10.
151	1	41.14356100303386	17.831778178006587	10.
152	1	43.93106513603073	19.569893740483764	10.
153	1	46.718569269027604	21.308009302960937	10.
154	1	49.506073402024484	23.046124865438113	10.
155	1	52.29357753502134	24.78424042791529	10.
156	1	55.08108166801822	26.522355990392462	10.
157	1	57.868585801015094	28.26047155286964	10.
158	1	60.65608993401197	29.998587115346815	10.
159	1	63.443594067008846	31.73670267782399	10.
160	1	66.23109820000572	33.47481824030117	10.
161	1	18.955028104378748	0.6437465046211822	10.
162	1	21.74253223737562	2.381862067098358	10.
163	1	24.530036370372493	4.1199776295755335	10.
164	1	27.31754050336936	5.858093192052709	10.
165	1	30.105044636366245	7.5962087545298855	10.
166	1	32.89254876936311	9.334324317007061	10.
167	1	35.68005290235999	11.072439879484238	10.
168	1	38.467557035356855	12.810555441961414	10.
169	1	41.255061168353734	14.54867100443859	10.
170	1	44.042565301350606	16.286786566915765	10.
171	1	46.83006943434748	18.02490212939294	10.
172	1	49.61757356734436	19.763017691870118	10.
173	1	52.405077700341224	21.50113325434729	10.
174	1	55.192581833338096	23.239248816824468	10.
175	1	57.98008596633497	24.977364379301644	10.
176	1	60.76759009933185	26.715479941778817	10.
177	1	63.55509423232872	28.453595504255997	10.
178	1	24.641536535692367	0.8368704560075368	10.
179	1	27.429040668689236	2.5749860184847124	10.
180	1	30.21654480168612	4.313101580961889	10.
181	1	33.00404893468299	6.0512171434390645	10.
182	1	35.791553067679864	7.78933270591624	10.
183	1	38.57905720067673	9.527448268393416	10.
184	1	41.36656133367361	11.26556383087059	10.
185	1	44.15406546667048	13.003679393347769	10.
186	1	46.94156959966735	14.741794955824943	10.
187	1	49.72907373266423	16.479910518302116	10.
188	1	52.5165778656611	18.218026080779296	10.
189	1	55.30408199865797	19.956141643256473	10.
190	1	58.09158613165484	21.694257205733646	10.
191	1	60.87909026465172	23.432372768210822	10.
192	1	30.328044967005994	1.0299944073938916	10.
193	1	33.115549100002866	2.7681099698710674	10.
194	1	35.903053232999746	4.5062255323482425	10.
195	1	38.69055736599661	6.244341094825419	10.
196	1	41.47806149899349	7.982456657302595	10.
197	1	44.265565631990356	9.720572219779772	10.
198	1	47.05306976498723	11.458687782256947	10.
199	1	49.84057389798411	13.196803344734121	10.
200	1	52.62807803098098	14.9349189072113	10.
201	1	55.415582163977845	16.673034469688474	10.
202	1	58.20308629697472	18.411150032165647	10.
203	1	36.01455339831962	1.223118358780246	10.
204	1	38.802057531316485	2.961233921257422	10.
205	1	41.589561664313365	4.699349483734598	10.
206	1	44.37706579731024	6.4374650462117735	10.
207	1	47.16456993030711	8.17558060868895	10.
208	1	49.95207406330398	9.913696171166126	10.
209	1	52.739578196300855	11.651811733643301	10.
210	1	55.527082329297734	13.389927296120478	10.
211	1	41.70106182963324	1.4162423101666008	10.
212	1	44.48856596263011	3.1543578726437764	10.
213	1	47.276070095626984	4.8924734351209525	10.
214	1	50.06357422862386	6.630588997598129	10.
215	1	52.85107836162073	8.368704560075304	10.
216	1	47.38757026094686	1.6093662615529554	10.
217	1	50.17507439394373	3.3474818240301314	10.
218	2	22.411533229294857	38.56041562680844	11.65931461754545
219	2	25.199037362291726	40.29853118928562	11.65931461754545
220	2	19.735529261617863	33.53919289076327	11.65931461754545
221	2	22.523033394614732	35.277308453240444	11.65931461754545
222	2	25.3105375276116	37.01542401571763	11.65931461754545
223	2	28.098041660608473	38.7535395781948	11.65931461754545
224	2	30.88554579360535	40.49165514067197	11.65931461754545
225	2	17.05952529394086	28.517970154718093	11.65931461754545
226	2	19.847029426937738	30.25608571719527	11.65931461754545
227	2	22.634533559934606	31.99420127967245	11.65931461754545
228	2	25.42203769293148	33.73231684214963	11.65931461754545
229	2	28.209541825928355	35.470432404626806	11.65931461754545
230	2	30.99704595892523	37.20854796710398	11.65931461754545
231	2	33.78455009192211	38.94666352958115	11.65931461754545
232	2	36.57205422491897	40.68477909205832	11.65931461754545
233	2	14.383521326263864	23.496747418672925	11.65931461754545
234	2	17.17102545926074	25.2348629811501	11.65931461754545
235	2	19.958529592257612	26.972978543627278	11.65931461754545
236	2	22.74603372525448	28.71109410610445	11.65931461754545
237	2	25.533537858251353	30.449209668581627	11.65931461754545
238	2	28.32104199124823	32.18732523105881	11.65931461754545
239	2	31.108546124245105	33.925440793535984	11.65931461754545
240	2	33.89605025724198	35.66355635601316	11.65931461754545
241	2	36.683554390238854	37.40167191849033	11.65931461754545
242	2	39.471058523235726	39.139787480967506	11.65931461754545
243	2	42.25856265623259	40.87790304344468	11.65931461754545
244	2	11.707517358586866	18.475524682627753	11.65931461754545
245	2	14.495021491583739	20.213640245104926	11.65931461754545
246	2	17.282525624580614	21.951755807582103	11.65931461754545
247	2	20.070029757577487	23.689871370059283	11.65931461754545
248	2	22.85753389057436	25.427986932536452	11.65931461754545
249	2	25.645038023571228	27.166102495013632	11.65931461754545
250	2	28.432542156568104	28.904218057490805	11.65931461754545
251	2	31.22004628956498	30.64233361996798	11.65931461754545
252	2	34.00755042256186	32.38044918244516	11.65931461754545
253	2	36.79505455555873	34.11856474492233	11.65931461754545
254	2	39.5825586885556	35.85668030739951	11.65931461754545
255	2	42.37006282155247	37.59479586987669	11.65931461754545
256	2	45.157566954549345	39.33291143235386	11.65931461754545
257	2	47.945071087546225	41.07102699483104	11.65931461754545
258	2	9.031513390909867	13.454301946582579	11.65931461754545
259	2	11.819017523906743	15.192417509059753	11.65931461754545
260	2	14.606521656903617	16.93053307153693	11.65931461754545
261	2	17.394025789900493	18.668648634014108	11.65931461754545
262	2	20.181529922897365	20.406764196491284	11.65931461754545
263	2	22.969034055894234	22.144879758968457	11.65931461754545
264	2	25.756538188891106	23.882995321445634	11.65931461754545
265	2	28.54404232188798	25.62111088392281	11.65931461754545
266	2	31.331546454884855	27.359226446399983	11.65931461754545
267	2	34.11905058788174	29.097342008877163	11.65931461754545
268	2	36.9065547208786	30.835457571354333	11.65931461754545
269	2	39.694058853875475	32.57357313383151	11.65931461754545
270	2	42.48156298687235	34.311688696308686	11.65931461754545
271	2	45.26906711986923	36.04980425878587	11.65931461754545
272	2	48.0565712528661	37.787919821263046	11.65931461754545
273	2	50.84407538586296	39.526035383740215	11.65931461754545
274	2	53.63157951885985	41.26415094621739	11.65931461754545
275	2	6.35550942323287	8.433079210537407	11.65931461754545
276	2	9.143013556229743	10.17119477301458	11.65931461754545
277	2	11.930517689226619	11.909310335491758	11.65931461754545
278	2	14.718021822223491	13.647425897968935	11.65931461754545
279	2	17.505525955220367	15.38554146044611	11.65931461754545
280	2	20.29303008821724	17.123657022923286	11.65931461754545
281	2	23.080534221214112	18.861772585400463	11.65931461754545
282	2	25.86803835421098	20.599888147877635	11.65931461754545
283	2	28.65554248720786	22.338003710354815	11.65931461754545
284	2	31.44304662020473	24.07611927283199	11.65931461754545
285	2	34.23055075320161	25.814234835309165	11.65931461754545
286	2	37.01805488619848	27.55235039778634	11.65931461754545
287	2	39.80555901919535	29.29046596026351	11.65931461754545
288	2	42.59306315219222	31.02858152274069	11.65931461754545
289	2	45.3805672851891	32.76669708521787	11.65931461754545
290	2	48.168071418185974	34.50481264769505	11.65931461754545
291	2	50.95557555118284	36.242928210172224	11.65931461754545
292	2	53.743079684179726	37.9810437726494	11.65931461754545
293	2	56.5305838171766	39.71915933512657	11.65931461754545
294	2	59.318087950173485	41.457274897603746	11.65931461754545
295	2	3.6795054555558737	3.4118564744922337	11.65931461754545
296	2	6.467009588552745	5.149972036969409	11.65931461754545
297	2	9.25451372154962	6.888087599446585	11.65931461754545
298	2	12.042017854546494	8.626203161923762	11.65931461754545
299	2	14.82952198754337	10.364318724400936	11.65931461754545
300	2	17.617026120540242	12.102434286878113	11.65931461754545
301	2	20.404530253537114	13.840549849355288	11.65931461754545
302	2	23.192034386533987	15.578665411832462	11.65931461754545
303	2	25.97953851953086	17.31678097430964	11.65931461754545
304	2	28.767042652527735	19.054896536786817	11.65931461754545
305	2	31.554546785524607	20.79301209926399	11.65931461754545
306	2	34.34205091852149	22.531127661741166	11.65931461754545
307	2	37.12955505151835	24.269243224218346	11.65931461754545
308	2	39.917059184515225	26.00735878669552	11.65931461754545
309	2	42.7045633175121	27.745474349172696	11.65931461754545
310	2	45.492067450508976	29.48358991164987	11.65931461754545
311	2	48.27957158350585	31.221705474127045	11.65931461754545
312	2	51.067075716502714	32.959821036604225	11.65931461754545
313	2	53.8545798494996	34.6979365990814	11.65931461754545
314	2	56.64208398249647	36.43605216155857	11.65931461754545
315	2	59.42958811549336	38.17416772403575	11.65931461754545
316	2	62.21709224849023	39.912283286512924	11.65931461754545
317	2	65.0045963814871	41.6503988489901	11.65931461754545
318	2	3.7910056208757497	0.12874930092423645	11.65931461754545
319	2	6.5785097538726225	1.8668648634014124	11.65931461754545
320	2	9.366013886869496	3.604980425878588	11.65931461754545
321	2	12.15351801986637	5.343095988355764	11.65931461754545
322	2	14.941022152863244	7.08121155083294	11.65931461754545
323	2	17.72852628586012	8.819327113310116	11.65931461754545
324	2	20.516030418856992	10.557442675787291	11.65931461754545
325	2	23.30353455185386	12.295558238264467	11.65931461754545
326	2	26.091038684850734	14.033673800741644	11.65931461754545
327	2	28.87854281784761	15.771789363218819	11.65931461754545
328	2	31.666046950844486	17.509904925695995	11.65931461754545
329	2	34.45355108384136	19.24802048817317	11.65931461754545
330	2	37.241055216838234	20.986136050650344	11.65931461754545
331	2	40.028559349835106	22.724251613127525	11.65931461754545
332	2	42.81606348283197	24.462367175604697	11.65931461754545
333	2	45.60356761582885	26.200482738081874	11.65931461754545
334	2	48.39107174882572	27.938598300559047	11.65931461754545
335	2	51.17857588182259	29.676713863036223	11.65931461754545
336	2	53.966080014819475	31.414829425513403	11.65931461754545
337	2	56.75358414781635	33.15294498799057	11.65931461754545
338	2	59.541088280813234	34.89106055046775	11.65931461754545
339	2	62.32859241381011	36.62917611294493	11.65931461754545
340	2	65.11609654680697	38.36729167542211	11.65931461754545
341	2	67.90360067980386	40.10540723789928	11.65931461754545
342	2	70.69110481280073	41.843522800376455	11.65931461754545
343	2	9.477514052189372	0.32187325231059105	11.65931461754545
344	2	12.265018185186246	2.0599888147877667	11.65931461754545
345	2	15.052522318183122	3.7981043772649428	11.65931461754545
346	2	17.840026451179995	5.536219939742119	11.65931461754545
347	2	20.627530584176867	7.274335502219295	11.65931461754545
348	2	23.41503471717374	9.01245106469647	11.65931461754545
349	2	26.202538850170612	10.750566627173646	11.65931461754545
350	2	28.990042983167484	12.488682189650822	11.65931461754545
351	2	31.77754711616436	14.226797752127998	11.65931461754545
352	2	34.565051249161236	15.964913314605173	11.65931461754545
353	2	37.35255538215811	17.70302887708235	11.65931461754545
354	2	40.14005951515498	19.441144439559526	11.65931461754545
355	2	42.92756364815185	21.1792600020367	11.65931461754545
356	2	45.71506778114873	22.917375564513875	11.65931461754545
357	2	48.5025719141456	24.655491126991055	11.65931461754545
358	2	51.29007604714246	26.393606689468225	11.65931461754545
359	2	54.07758018013935	28.131722251945405	11.65931461754545
360	2	56.86508431313622	29.869837814422574	11.65931461754545
361	2	59.65258844613311	31.607953376899754	11.65931461754545
362	2	62.44009257912998	33.34606893937693	11.65931461754545
363	2	65.22759671212685	35.08418450185411	11.65931461754545
364	2	68.01510084512373	36.82230006433129	11.65931461754545
365	2	15.164022483502997	0.5149972036969458	11.65931461754545
366	2	17.951526616499873	2.2531127661741213	11.65931461754545
367	2	20.739030749496745	3.9912283286512973	11.65931461754545
368	2	23.526534882493614	5.729343891128473	11.65931461754545
369	2	26.31403901549049	7.46745945360565	11.65931461754545
370	2	29.10154314848736	9.205575016082824	11.65931461754545
371	2	31.889047281484235	10.94369057856	11.65931461754545
372	2	34.67655141448111	12.681806141037177	11.65931461754545
373	2	37.46405554747798	14.419921703514351	11.65931461754545
374	2	40.251559680474855	16.158037265991528	11.65931461754545
375	2	43.03906381347173	17.896152828468704	11.65931461754545
376	2	45.82656794646861	19.63426839094588	11.65931461754545
377	2	48.61407207946548	21.372383953423057	11.65931461754545
378	2	51.401576212462345	23.11049951590023	11.65931461754545
379	2	54.189080345459224	24.848615078377406	11.65931461754545
380	2	56.9765844784561	26.586730640854583	11.65931461754545
381	2	59.76408861145299	28.32484620333176	11.65931461754545
382	2	62.551592744449856	30.062961765808932	11.65931461754545
383	2	65.33909687744672	31.80107732828611	11.65931461754545
384	2	20.85053091481662	0.7081211550833004	11.65931461754545
385	2	23.638035047813492	2.4462367175604762	11.65931461754545
386	2	26.425539180810365	4.184352280037652	11.65931461754545
387	2	29.21304331380724	5.922467842514828	11.65931461754545
388	2	32.00054744680411	7.660583404992003	11.65931461754545
389	2	34.788051579800985	9.39869896746918	11.65931461754545
390	2	37.57555571279786	11.136814529946355	11.65931461754545
391	2	40.36305984579473	12.874930092423531	11.65931461754545
392	2	43.1505639787916	14.613045654900708	11.65931461754545
393	2	45.93806811178848	16.351161217377882	11.65931461754545
394	2	48.725572244785354	18.08927677985506	11.65931461754545
395	2	51.51307637778222	19.827392342332235	11.65931461754545
396	2	54.3005805107791	21.565507904809408	11.65931461754545
397	2	57.08808464377597	23.303623467286588	11.65931461754545
398	2	59.875588776772865	25.041739029763765	11.65931461754545
399	2	62.66309290976973	26.779854592240937	11.65931461754545
400	2	26.53703934613024	0.9012451064696549	11.65931461754545
401	2	29.324543479127115	2.6393606689468307	11.65931461754545
402	2	32.11204761212399	4.377476231424007	11.65931461754545
403	2	34.89955174512087	6.115591793901182	11.65931461754545
404	2	37.68705587811774	7.853707356378358	11.65931461754545
405	2	40.474560011114605	9.591822918855534	11.65931461754545
406	2	43.26206414411148	11.329938481332709	11.65931461754545
407	2	46.04956827710836	13.068054043809886	11.65931461754545
408	2	48.83707241010523	14.80616960628706	11.65931461754545
409	2	51.624576543102094	16.544285168764237	11.65931461754545
410	2	54.412080676098974	18.282400731241413	11.65931461754545
411	2	57.199584809095846	20.02051629371859	11.65931461754545
412	2	59.98708894209274	21.758631856195766	11.65931461754545
413	2	32.22354777744386	1.0943690578560097	11.65931461754545
414	2	35.01105191044074	2.8324846203331857	11.65931461754545
415	2	37.798556043437614	4.570600182810361	11.65931461754545
416	2	40.586060176434486	6.308715745287537	11.65931461754545
417	2	43.37356430943136	8.046831307764712	11.65931461754545
418	2	46.16106844242823	9.784946870241889	11.65931461754545
419	2	48.9485725754251	11.523062432719065	11.65931461754545
420	2	51.73607670842197	13.26117799519624	11.65931461754545
421	2	54.52358084141886	14.999293557673417	11.65931461754545
422	2	57.31108497441572	16.73740912015059	11.65931461754545
423	2	37.91005620875749	1.2874930092423642	11.65931461754545
424	2	40.69756034175436	3.0256085717195402	11.65931461754545
425	2	43.48506447475123	4.763724134196716	11.65931461754545
426	2	46.27256860774811	6.501839696673891	11.65931461754545
427	2	49.060072740744985	8.239955259151067	11.65931461754545
428	2	51.84757687374184	9.978070821628243	11.65931461754545
429	2	54.63508100673874	11.716186384105418	11.65931461754545
430	2	43.59656464007111	1.4806169606287187	11.65931461754545
431	2	46.38406877306799	3.2187325231058947	11.65931461754545
432	2	49.17157290606486	4.95684808558307	11.65931461754545
433	2	51.959077039061725	6.694963648060247	11.65931461754545
434	2	49.283073071384734	1.6737409120150737	11.65931461754545
435	3	22.411533229294857	38.56041562680844	8.34068538245455
436	3	25.199037362291726	40.29853118928562	8.34068538245455
437	3	19.735529261617863	33.53919289076327	8.34068538245455
438	3	22.523033394614732	35.277308453240444	8.34068538245455
439	3	25.3105375276116	37.01542401571763	8.34068538245455
440	3	28.098041660608473	38.7535395781948	8.34068538245455
441	3	30.88554579360535	40.49165514067197	8.34068538245455
442	3	17.05952529394086	28.517970154718093	8.34068538245455
443	3	19.847029426937738	30.25608571719527	8.34068538245455
444	3	22.634533559934606	31.99420127967245	8.34068538245455
445	3	25.42203769293148	33.73231684214963	8.34068538245455
446	3	28.209541825928355	35.470432404626806	8.34068538245455
447	3	30.99704595892523	37.20854796710398	8.34068538245455
448	3	33.78455009192211	38.94666352958115	8.34068538245455
449	3	36.57205422491897	40.68477909205832	8.34068538245455
450	3	14.383521326263864	23.496747418672925	8.34068538245455
451	3	17.17102545926074	25.2348629811501	8.34068538245455
452	3	19.958529592257612	26.972978543627278	8.34068538245455
453	3	22.74603372525448	28.71109410610445	8.34068538245455
454	3	25.533537858251353	30.449209668581627	8.34068538245455
455	3	28.32104199124823	32.18732523105881	8.34068538245455
456	3	31.108546124245105	33.925440793535984	8.34068538245455
457	3	33.89605025724198	35.66355635601316	8.34068538245455
458	3	36.683554390238854	37.40167191849033	8.34068538245455
459	3	39.471058523235726	39.139787480967506	8.34068538245455
460	3	42.25856265623259	40.87790304344468	8.34068538245455
461	3	11.707517358586866	18.475524682627753	8.34068538245455
462	3	14.495021491583739	20.213640245104926	8.34068538245455
463	3	17.282525624580614	21.951755807582103	8.34068538245455
464	3	20.070029757577487	23.689871370059283	8.34068538245455
465	3	22.85753389057436	25.427986932536452	8.34068538245455
466	3	25.645038023571228	27.166102495013632	8.34068538245455
467	3	28.432542156568104	28.904218057490805	8.34068538245455
468	3	31.22004628956498	30.64233361996798	8.34068538245455
469	3	34.00755042256186	32.38044918244516	8.34068538245455
470	3	36.79505455555873	34.11856474492233	8.34068538245455
471	3	39.5825586885556	35.85668030739951	8.34068538245455
472	3	42.37006282155247	37.59479586987669	8.34068538245455
473	3	45.157566954549345	39.33291143235386	8.34068538245455
474	3	47.945071087546225	41.07102699483104	8.34068538245455
475	3	9.031513390909867	13.454301946582579	8.34068538245455
476	3	11.819017523906743	15.192417509059753	8.34068538245455
477	3	14.606521656903617	16.93053307153693	8.34068538245455
478	3	17.394025789900493	18.668648634014108	8.34068538245455
479	3	20.181529922897365	20.406764196491284	8.34068538245455
480	3	22.969034055894234	22.144879758968457	8.34068538245455
481	3	25.756538188891106	23.882995321445634	8.34068538245455
482	3	28.54404232188798	25.62111088392281	8.34068538245455
483	3	31.331546454884855	27.359226446399983	8.34068538245455
484	3	34.11905058788174	29.097342008877163	8.34068538245455
485	3	36.9065547208786	30.835457571354333	8.34068538245455
486	3	39.694058853875475	32.57357313383151	8.34068538245455
487	3	42.48156298687235	34.311688696308686	8.34068538245455
488	3	45.26906711986923	36.04980425878587	8.34068538245455
489	3	48.0565712528661	37.787919821263046	8.34068538245455
490	3	50.84407538586296	39.526035383740215	8.34068538245455
491	3	53.63157951885985	41.26415094621739	8.34068538245455
492	3	6.35550942323287	8.433079210537407	8.34068538245455
493	3	9.143013556229743	10.17119477301458	8.34068538245455
494	3	11.930517689226619	11.909310335491758	8.34068538245455
495	3	14.718021822223491	13.647425897968935	8.34068538245455
496	3	17.505525955220367	15.38554146044611	8.34068538245455
497	3	20.29303008821724	17.123657022923286	8.34068538245455
498	3	23.080534221214112	18.861772585400463	8.34068538245455
499	3	25.86803835421098	20.599888147877635	8.34068538245455
500	3	28.65554248720786	22.338003710354815	8.34068538245455
501	3	31.44304662020473	24.07611927283199	8.34068538245455
502	3	34.23055075320161	25.814234835309165	8.34068538245455
503	3	37.01805488619848	27.55235039778634	8.34068538245455
504	3	39.80555901919535	29.29046596026351	8.34068538245455
505	3	42.59306315219222	31.02858152274069	8.34068538245455
506	3	45.3805672851891	32.76669708521787	8.34068538245455
507	3	48.168071418185974	34.50481264769505	8.34068538245455
508	3	50.95557555118284	36.242928210172224	8.34068538245455
509	3	53.743079684179726	37.9810437726494	8.34068538245455
510	3	56.5305838171766	39.71915933512657	8.34068538245455
511	3	59.318087950173485	41.457274897603746	8.34068538245455
512	3	3.6795054555558737	3.4118564744922337	8.34068538245455
513	3	6.467009588552745	5.149972036969409	8.34068538245455
514	3	9.25451372154962	6.888087599446585	8.34068538245455
515	3	12.042017854546494	8.626203161923762	8.34068538245455
516	3	14.82952198754337	10.364318724400936	8.34068538245455
517	3	17.617026120540242	12.102434286878113	8.34068538245455
518	3	20.404530253537114	13.840549849355288	8.34068538245455
519	3	23.192034386533987	15.578665411832462	8.34068538245455
520	3	25.97953851953086	17.31678097430964	8.34068538245455
521	3	28.767042652527735	19.054896536786817	8.34068538245455
522	3	31.554546785524607	20.79301209926399	8.34068538245455
523	3	34.34205091852149	22.531127661741166	8.34068538245455
524	3	37.12955505151835	24.269243224218346	8.34068538245455
525	3	39.917059184515225	26.00735878669552	8.34068538245455
526	3	42.7045633175121	27.745474349172696	8.34068538245455
527	3	45.492067450508976	29.48358991164987	8.34068538245455
528	3	48.27957158350585	31.221705474127045	8.34068538245455
529	3	51.067075716502714	32.959821036604225	8.34068538245455
530	3	53.8545798494996	34.6979365990814	8.34068538245455
531	3	56.64208398249647	36.43605216155857	8.34068538245455
532	3	59.42958811549336	38.17416772403575	8.34068538245455
533	3	62.21709224849023	39.912283286512924	8.34068538245455
534	3	65.0045963814871	41.6503988489901	8.34068538245455
535	3	3.7910056208757497	0.12874930092423645	8.34068538245455
536	3	6.5785097538726225	1.8668648634014124	8.34068538245455
537	3	9.366013886869496	3.604980425878588	8.34068538245455
538	3	12.15351801986637	5.343095988355764	8.34068538245455
539	3	14.941022152863244	7.08121155083294	8.34068538245455
540	3	17.72852628586012	8.819327113310116	8.34068538245455
541	3	20.516030418856992	10.557442675787291	8.34068538245455
542	3	23.30353455185386	12.295558238264467	8.34068538245455
543	3	26.091038684850734	14.033673800741644	8.34068538245455
544	3	28.87854281784761	15.771789363218819	8.34068538245455
545	3	31.666046950844486	17.509904925695995	8.34068538245455
546	3	34.45355108384136	19.24802048817317	8.34068538245455
547	3	37.241055216838234	20.986136050650344	8.34068538245455
548	3	40.028559349835106	22.724251613127525	8.34068538245455
549	3	42.81606348283197	24.462367175604697	8.34068538245455
550	3	45.60356761582885	26.200482738081874	8.34068538245455
551	3	48.39107174882572	27.938598300559047	8.34068538245455
552	3	51.17857588182259	29.676713863036223	8.34068538245455
553	3	53.966080014819475	31.414829425513403	8.34068538245455
554	3	56.75358414781635	33.15294498799057	8.34068538245455
555	3	59.541088280813234	34.89106055046775	8.34068538245455
556	3	62.32859241381011	36.62917611294493	8.34068538245455
557	3	65.11609654680697	38.36729167542211	8.34068538245455
558	3	67.90360067980386	40.10540723789928	8.34068538245455
559	3	70.69110481280073	41.843522800376455	8.34068538245455
560	3	9.477514052189372	0.32187325231059105	8.34068538245455
561	3	12.265018185186246	2.0599888147877667	8.34068538245455
562	3	15.052522318183122	3.7981043772649428	8.34068538245455
563	3	17.840026451179995	5.536219939742119	8.34068538245455
564	3	20.627530584176867	7.274335502219295	8.34068538245455
565	3	23.41503471717374	9.01245106469647	8.34068538245455
566	3	26.202538850170612	10.750566627173646	8.34068538245455
567	3	28.990042983167484	12.488682189650822	8.34068538245455
568	3	31.77754711616436	14.226797752127998	8.34068538245455
569	3	34.565051249161236	15.964913314605173	8.34068538245455
570	3	37.35255538215811	17.70302887708235	8.34068538245455
571	3	40.14005951515498	19.441144439559526	8.34068538245455
572	3	42.92756364815185	21.1792600020367	8.34068538245455
573	3	45.71506778114873	22.917375564513875	8.34068538245455
574	3	48.5025719141456	24.655491126991055	8.34068538245455
575	3	51.29007604714246	26.393606689468225	8.34068538245455
576	3	54.07758018013935	28.131722251945405	8.34068538245455
577	3	56.86508431313622	29.869837814422574	8.34068538245455
578	3	59.65258844613311	31.607953376899754	8.34068538245455
579	3	62.44009257912998	33.34606893937693	8.34068538245455
580	3	65.22759671212685	35.08418450185411	8.34068538245455
581	3	68.01510084512373	36.82230006433129	8.34068538245455
582	3	15.164022483502997	0.5149972036969458	8.34068538245455
583	3	17.951526616499873	2.2531127661741213	8.34068538245455
584	3	20.739030749496745	3.9912283286512973	8.34068538245455
585	3	23.526534882493614	5.729343891128473	8.34068538245455
586	3	26.31403901549049	7.46745945360565	8.34068538245455
587	3	29.10154314848736	9.205575016082824	8.34068538245455
588	3	31.889047281484235	10.94369057856	8.34068538245455
589	3	34.67655141448111	12.681806141037177	8.34068538245455
590	3	37.46405554747798	14.419921703514351	8.34068538245455
591	3	40.251559680474855	16.158037265991528	8.34068538245455
592	3	43.03906381347173	17.896152828468704	8.34068538245455
593	3	45.82656794646861	19.63426839094588	8.34068538245455
594	3	48.61407207946548	21.372383953423057	8.34068538245455
595	3	51.401576212462345	23.11049951590023	8.34068538245455
596	3	54.189080345459224	24.848615078377406	8.34068538245455
597	3	56.9765844784561	26.586730640854583	8.34068538245455
598	3	59.76408861145299	28.32484620333176	8.34068538245455
599	3	62.551592744449856	30.062961765808932	8.34068538245455
600	3	65.33909687744672	31.80107732828611	8.34068538245455
601	3	20.85053091481662	0.7081211550833004	8.34068538245455
602	3	23.638035047813492	2.4462367175604762	8.34068538245455
603	3	26.425539180810365	4.184352280037652	8.34068538245455
604	3	29.21304331380724	5.922467842514828	8.34068538245455
605	3	32.00054744680411	7.660583404992003	8.34068538245455
606	3	34.788051579800985	9.39869896746918	8.34068538245455
607	3	37.57555571279786	11.136814529946355	8.34068538245455
608	3	40.36305984579473	12.874930092423531	8.34068538245455
609	3	43.1505639787916	14.613045654900708	8.34068538245455
610	3	45.93806811178848	16.351161217377882	8.34068538245455
611	3	48.725572244785354	18.08927677985506	8.34068538245455
612	3	51.51307637778222	19.827392342332235	8.34068538245455
613	3	54.3005805107791	21.565507904809408	8.34068538245455
614	3	57.08808464377597	23.303623467286588	8.34068538245455
615	3	59.875588776772865	25.041739029763765	8.34068538245455
616	3	62.66309290976973	26.779854592240937	8.34068538245455
617	3	26.53703934613024	0.9012451064696549	8.34068538245455
618	3	29.324543479127115	2.6393606689468307	8.34068538245455
619	3	32.11204761212399	4.377476231424007	8.34068538245455
620	3	34.89955174512087	6.115591793901182	8.34068538245455
621	3	37.68705587811774	7.853707356378358	8.34068538245455
622	3	40.474560011114605	9.591822918855534	8.34068538245455
623	3	43.26206414411148	11.329938481332709	8.34068538245455
624	3	46.04956827710836	13.068054043809886	8.34068538245455
625	3	48.83707241010523	14.80616960628706	8.34068538245455
626	3	51.624576543102094	16.544285168764237	8.34068538245455
627	3	54.412080676098974	18.282400731241413	8.34068538245455
628	3	57.199584809095846	20.02051629371859	8.34068538245455
629	3	59.98708894209274	21.758631856195766	8.34068538245455
630	3	32.22354777744386	1.0943690578560097	8.34068538245455
631	3	35.01105191044074	2.8324846203331857	8.34068538245455
632	3	37.798556043437614	4.570600182810361	8.34068538245455
633	3	40.586060176434486	6.308715745287537	8.34068538245455
634	3	43.37356430943136	8.046831307764712	8.34068538245455
635	3	46.16106844242823	9.784946870241889	8.34068538245455
636	3	48.9485725754251	11.523062432719065	8.34068538245455
637	3	51.73607670842197	13.26117799519624	8.34068538245455
638	3	54.52358084141886	14.999293557673417	8.34068538245455
639	3	57.31108497441572	16.73740912015059	8.34068538245455
640	3	37.91005620875749	1.2874930092423642	8.34068538245455
641	3	40.69756034175436	3.0256085717195402	8.34068538245455
642	3	43.48506447475123	4.763724134196716	8.34068538245455
643	3	46.27256860774811	6.501839696673891	8.34068538245455
644	3	49.060072740744985	8.239955259151067	8.34068538245455
645	3	51.84757687374184	9.978070821628243	8.34068538245455
646	3	54.63508100673874	11.716186384105418	8.34068538245455
647	3	43.59656464007111	1.4806169606287187	8.34068538245455
648	3	46.38406877306799	3.2187325231058947	8.34068538245455
649	3	49.17157290606486	4.95684808558307	8.34068538245455
650	3	51.959077039061725	6.694963648060247	8.34068538245455
651	3	49.283073071384734	1.6737409120150737	8.34068538245455
652	4	26.09103868485076	41.84352280037643	16.46
653	4	23.08053422121413	37.0154240157176	16.46
654	4	25.97953851953088	38.56041562680843	16.46
655	4	28.878542817847627	40.10540723789925	16.46
656	4	31.77754711616438	41.65039884899007	16.46
657	4	20.070029757577505	32.187325231058786	16.46
658	4	22.969034055894255	33.73231684214961	16.46
659	4	25.868038354211006	35.27730845324044	16.46
660	4	28.767042652527753	36.82230006433125	16.46
661	4	31.666046950844507	38.367291675422074	16.46
662	4	34.56505124916126	39.912283286512896	16.46
663	4	37.464055547478004	41.45727489760372	16.46
664	4	17.05952529394088	27.359226446399965	16.46
665	4	19.95852959225763	28.904218057490787	16.46
666	4	22.857533890574377	30.44920966858161	16.46
667	4	25.756538188891128	31.994201279672435	16.46
668	4	28.65554248720787	33.53919289076326	16.46
669	4	31.554546785524625	35.08418450185408	16.46
670	4	34.45355108384138	36.6291761129449	16.46
671	4	37.35255538215813	38.17416772403572	16.46
672	4	40.25155968047488	39.719159335126534	16.46
673	4	43.15056397879163	41.264150946217356	16.46
674	4	14.049020830304254	22.531127661741152	16.46
675	4	16.948025128621	24.07611927283197	16.46
676	4	19.847029426937755	25.621110883922796	16.46
677	4	22.746033725254502	27.16610249501361	16.46
678	4	25.645038023571253	28.711094106104436	16.46
679	4	28.544042321887996	30.25608571719526	16.46
680	4	31.44304662020475	31.80107732828608	16.46
681	4	34.3420509185215	33.3460689393769	16.46
682	4	37.24105521683825	34.89106055046772	16.46
683	4	40.140059515155	36.436052161558536	16.46
684	4	43.039063813471756	37.98104377264936	16.46
685	4	45.938068111788496	39.52603538374019	16.46
686	4	48.83707241010525	41.07102699483101	16.46
687	4	11.03851636666763	17.703028877082335	16.46
688	4	13.93752066498438	19.248020488173154	16.46
689	4	16.836524963301127	20.793012099263976	16.46
690	4	19.735529261617877	22.338003710354798	16.46
691	4	22.634533559934624	23.882995321445616	16.46
692	4	25.53353785825138	25.427986932536438	16.46
693	4	28.432542156568122	26.97297854362726	16.46
694	4	31.331546454884876	28.517970154718082	16.46
695	4	34.230550753201626	30.062961765808904	16.46
696	4	37.12955505151837	31.607953376899722	16.46
697	4	40.02855934983512	33.152944987990544	16.46
698	4	42.927563648151875	34.697936599081366	16.46
699	4	45.82656794646862	36.24292821017219	16.46
700	4	48.725572244785376	37.78791982126301	16.46
701	4	51.62457654310212	39.33291143235383	16.46
702	4	54.52358084141886	40.877903043444654	16.46
703	4	8.028011903031002	12.874930092423515	16.46
704	4	10.927016201347753	14.419921703514337	16.46
705	4	13.826020499664502	15.964913314605157	16.46
706	4	16.72502479798125	17.50990492569598	16.46
707	4	19.624029096298003	19.0548965367868	16.46
708	4	22.52303339461475	20.59988814787762	16.46
709	4	25.4220376929315	22.144879758968443	16.46
710	4	28.321041991248247	23.68987137005926	16.46
711	4	31.220046289565	25.234862981150087	16.46
712	4	34.11905058788175	26.779854592240905	16.46
713	4	37.0180548861985	28.324846203331724	16.46
714	4	39.917059184515246	29.869837814422546	16.46
715	4	42.816063482832	31.414829425513368	16.46
716	4	45.71506778114875	32.9598210366042	16.46
717	4	48.614072079465494	34.50481264769502	16.46
718	4	51.51307637778225	36.049804258785834	16.46
719	4	54.41208067609899	37.594795869876656	16.46
720	4	57.31108497441574	39.13978748096747	16.46
721	4	60.21008927273249	40.68477909205829	16.46
722	4	5.017507439394376	8.046831307764696	16.46
723	4	7.916511737711127	9.591822918855518	16.46
724	4	10.815516036027876	11.136814529946339	16.46
725	4	13.714520334344627	12.68180614103716	16.46
726	4	16.613524632661374	14.22679775212798	16.46
727	4	19.512528930978128	15.771789363218804	16.46
728	4	22.41153322929487	17.316780974309626	16.46
729	4	25.310537527611626	18.861772585400445	16.46
730	4	28.209541825928365	20.406764196491267	16.46
731	4	31.108546124245127	21.95175580758209	16.46
732	4	34.00755042256188	23.496747418672907	16.46
733	4	36.906554720878624	25.04173902976373	16.46
734	4	39.80555901919537	26.586730640854547	16.46
735	4	42.704563317512125	28.13172225194537	16.46
736	4	45.60356761582887	29.676713863036195	16.46
737	4	48.50257191414562	31.221705474127017	16.46
738	4	51.401576212462366	32.766697085217835	16.46
739	4	54.30058051077911	34.31168869630866	16.46
740	4	57.19958480909587	35.85668030739947	16.46
741	4	60.098589107412614	37.401671918490294	16.46
742	4	62.99759340572937	38.946663529581116	16.46
743	4	65.89659770404612	40.491655140671945	16.46
744	4	2.007002975757751	3.2187325231058788	16.46
745	4	4.906007274074501	4.7637241341967	16.46
746	4	7.80501157239125	6.308715745287522	16.46
747	4	10.704015870708	7.853707356378342	16.46
748	4	13.60302016902475	9.398698967469164	16.46
749	4	16.5020244673415	10.943690578559986	16.46
750	4	19.401028765658253	12.488682189650806	16.46
751	4	22.300033063974997	14.033673800741626	16.46
752	4	25.199037362291747	15.578665411832448	16.46
753	4	28.09804166060849	17.12365702292327	16.46
754	4	30.99704595892525	18.66864863401409	16.46
755	4	33.896050257241995	20.213640245104912	16.46
756	4	36.79505455555875	21.758631856195734	16.46
757	4	39.6940588538755	23.303623467286556	16.46
758	4	42.59306315219225	24.848615078377374	16.46
759	4	45.492067450509	26.393606689468196	16.46
760	4	48.391071748825745	27.93859830055902	16.46
761	4	51.29007604714249	29.48358991164984	16.46
762	4	54.18908034545924	31.028581522740662	16.46
763	4	57.08808464377599	32.57357313383148	16.46
764	4	59.98708894209274	34.1185647449223	16.46
765	4	62.886093240409494	35.66355635601312	16.46
766	4	65.78509753872623	37.20854796710395	16.46
767	4	68.68410183704297	38.75353957819477	16.46
768	4	71.58310613535974	40.29853118928559	16.46
769	4	4.794507108754625	1.480616960628703	16.46
770	4	7.693511407071374	3.025608571719524	16.46
771	4	10.592515705388124	4.570600182810345	16.46
772	4	13.491520003704874	6.115591793901166	16.46
773	4	16.39052430202162	7.660583404991988	16.46
774	4	19.289528600338375	9.205575016082808	16.46
775	4	22.188532898655122	10.750566627173631	16.46
776	4	25.087537196971873	12.295558238264451	16.46
777	4	27.986541495288616	13.84054984935527	16.46
778	4	30.885545793605374	15.385541460446095	16.46
779	4	33.78455009192212	16.930533071536917	16.46
780	4	36.68355439023887	18.475524682627736	16.46
781	4	39.582558688555615	20.020516293718558	16.46
782	4	42.481562986872376	21.56550790480938	16.46
783	4	45.38056728518912	23.110499515900198	16.46
784	4	48.27957158350587	24.65549112699102	16.46
785	4	51.17857588182262	26.200482738081842	16.46
786	4	54.077580180139364	27.74547434917266	16.46
787	4	56.97658447845612	29.290465960263482	16.46
788	4	59.875588776772865	30.835457571354304	16.46
789	4	62.77459307508962	32.380449182445126	16.46
790	4	65.67359737340637	33.925440793535955	16.46
791	4	68.5726016717231	35.47043240462677	16.46
792	4	10.481015540068247	1.2874930092423482	16.46
793	4	13.380019838384998	2.8324846203331697	16.46
794	4	16.279024136701747	4.377476231423991	16.46
795	4	19.1780284350185	5.922467842514812	16.46
796	4	22.077032733335248	7.467459453605634	16.46
797	4	24.976037031651995	9.012451064696453	16.46
798	4	27.87504132996874	10.557442675787277	16.46
799	4	30.774045628285496	12.102434286878095	16.46
800	4	33.673049926602246	13.647425897968917	16.46
801	4	36.57205422491899	15.192417509059739	16.46
802	4	39.47105852323574	16.737409120150563	16.46
803	4	42.370062821552494	18.28240073124138	16.46
804	4	45.26906711986924	19.827392342332203	16.46
805	4	48.168071418185995	21.372383953423025	16.46
806	4	51.06707571650274	22.917375564513843	16.46
807	4	53.96608001481949	24.462367175604665	16.46
808	4	56.865084313136244	26.007358786695484	16.46
809	4	59.76408861145299	27.552350397786306	16.46
810	4	62.663092909769745	29.097342008877128	16.46
811	4	65.56209720808648	30.642333619967953	16.46
812	4	16.16752397138187	1.0943690578559937	16.46
813	4	19.066528269698622	2.6393606689468148	16.46
814	4	21.96553256801537	4.184352280037635	16.46
815	4	24.86453686633212	5.729343891128457	16.46
816	4	27.763541164648867	7.274335502219278	16.46
817	4	30.66254546296562	8.819327113310099	16.46
818	4	33.56154976128237	10.36431872440092	16.46
819	4	36.46055405959912	11.909310335491742	16.46
820	4	39.359558357915866	13.454301946582564	16.46
821	4	42.25856265623262	14.999293557673385	16.46
822	4	45.15756695454937	16.544285168764205	16.46
823	4	48.056571252866114	18.089276779855023	16.46
824	4	50.95557555118286	19.63426839094585	16.46
825	4	53.854579849499615	21.17926000203667	16.46
826	4	56.75358414781637	22.72425161312749	16.46
827	4	59.65258844613311	24.26924322421831	16.46
828	4	62.55159274444987	25.81423483530913	16.46
829	4	21.854032402695495	0.901245106469639	16.46
830	4	24.753036701012242	2.4462367175604602	16.46
831	4	27.652040999328985	3.9912283286512813	16.46
832	4	30.551045297645743	5.536219939742103	16.46
833	4	33.4500495959625	7.081211550832924	16.46
834	4	36.349053894279244	8.626203161923744	16.46
835	4	39.24805819259599	10.171194773014566	16.46
836	4	42.147062490912745	11.716186384105388	16.46
837	4	45.04606678922949	13.261177995196208	16.46
838	4	47.94507108754624	14.806169606287028	16.46
839	4	50.844075385862986	16.351161217377854	16.46
840	4	53.74307968417974	17.896152828468672	16.46
841	4	56.642083982496494	19.441144439559494	16.46
842	4	59.541088280813234	20.986136050650316	16.46
843	4	27.54054083400911	0.7081211550832844	16.46
844	4	30.43954513232587	2.2531127661741053	16.46
845	4	33.338549430642615	3.798104377264927	16.46
846	4	36.23755372895937	5.343095988355748	16.46
847	4	39.136558027276116	6.888087599446569	16.46
848	4	42.03556232559287	8.43307921053739	16.46
849	4	44.93456662390962	9.978070821628211	16.46
850	4	47.833570922226365	11.523062432719033	16.46
851	4	50.73257522054311	13.068054043809854	16.46
852	4	53.631579518859866	14.613045654900676	16.46
853	4	56.53058381717662	16.158037265991496	16.46
854	4	33.22704926532274	0.5149972036969298	16.46
855	4	36.126053563639495	2.0599888147877508	16.46
856	4	39.025057861956235	3.604980425878572	16.46
857	4	41.92406216027299	5.149972036969393	16.46
858	4	44.82306645858974	6.694963648060214	16.46
859	4	47.72207075690649	8.239955259151035	16.46
860	4	50.62107505522324	9.784946870241857	16.46
861	4	53.52007935353998	11.329938481332679	16.46
862	4	38.91355769663636	0.3218732523105751	16.46
863	4	41.812561994953114	1.8668648634013965	16.46
864	4	44.71156629326986	3.411856474492217	16.46
865	4	47.61057059158661	4.956848085583038	16.46
866	4	50.50957488990336	6.501839696673859	16.46
867	4	44.60006612794999	0.12874930092422046	16.46
868	4	47.499070426266734	1.6737409120150415	16.46
869	5	25.087537196971883	40.234156538823484	18.119314617545452
870	5	27.986541495288627	41.779148149914306	18.119314617545452
871	5	22.07703273333526	35.40605775416467	18.119314617545452
872	5	24.976037031652005	36.951049365255486	18.119314617545452
873	5	27.875041329968752	38.49604097634631	18.119314617545452
874	5	30.774045628285503	40.04103258743713	18.119314617545452
875	5	33.67304992660225	41.58602419852795	18.119314617545452
876	5	19.06652826969863	30.57795896950585	18.119314617545452
877	5	21.96553256801538	32.12295058059667	18.119314617545452
878	5	24.86453686633213	33.667942191687494	18.119314617545452
879	5	27.763541164648874	35.212933802778316	18.119314617545452
880	5	30.662545462965628	36.75792541386913	18.119314617545452
881	5	33.56154976128238	38.30291702495995	18.119314617545452
882	5	36.46055405959913	39.847908636050775	18.119314617545452
883	5	39.35955835791588	41.3929002471416	18.119314617545452
884	5	16.056023806062004	25.74986018484703	18.119314617545452
885	5	18.955028104378755	27.294851795937852	18.119314617545452
886	5	21.854032402695506	28.839843407028674	18.119314617545452
887	5	24.753036701012253	30.384835018119496	18.119314617545452
888	5	27.652040999329	31.929826629210314	18.119314617545452
889	5	30.551045297645747	33.47481824030114	18.119314617545452
890	5	33.4500495959625	35.01980985139196	18.119314617545452
891	5	36.34905389427926	36.56480146248278	18.119314617545452
892	5	39.248058192596005	38.1097930735736	18.119314617545452
893	5	42.14706249091275	39.65478468466442	18.119314617545452
894	5	45.04606678922949	41.19977629575524	18.119314617545452
895	5	13.04551934242538	20.921761400188213	18.119314617545452
896	5	15.944523640742128	22.466753011279035	18.119314617545452
897	5	18.843527939058877	24.011744622369854	18.119314617545452
898	5	21.74253223737563	25.556736233460676	18.119314617545452
899	5	24.641536535692378	27.101727844551494	18.119314617545452
900	5	27.540540834009125	28.646719455642316	18.119314617545452
901	5	30.439545132325872	30.191711066733138	18.119314617545452
902	5	33.33854943064262	31.73670267782396	18.119314617545452
903	5	36.23755372895938	33.28169428891478	18.119314617545452
904	5	39.13655802727612	34.82668590000561	18.119314617545452
905	5	42.03556232559288	36.37167751109642	18.119314617545452
906	5	44.93456662390962	37.916669122187244	18.119314617545452
907	5	47.83357092222638	39.461660733278066	18.119314617545452
908	5	50.732575220543126	41.00665234436889	18.119314617545452
909	5	10.035014878788752	16.093662615529393	18.119314617545452
910	5	12.934019177105503	17.63865422662022	18.119314617545452
911	5	15.833023475422253	19.183645837711037	18.119314617545452
912	5	18.732027773739002	20.72863744880186	18.119314617545452
913	5	21.631032072055753	22.273629059892677	18.119314617545452
914	5	24.5300363703725	23.8186206709835	18.119314617545452
915	5	27.42904066868925	25.36361228207432	18.119314617545452
916	5	30.328044967005997	26.90860389316514	18.119314617545452
917	5	33.22704926532275	28.45359550425596	18.119314617545452
918	5	36.1260535636395	29.998587115346783	18.119314617545452
919	5	39.02505786195625	31.54357872643761	18.119314617545452
920	5	41.924062160272996	33.08857033752843	18.119314617545452
921	5	44.82306645858974	34.63356194861925	18.119314617545452
922	5	47.722070756906504	36.17855355971007	18.119314617545452
923	5	50.62107505522325	37.72354517080089	18.119314617545452
924	5	53.52007935353999	39.26853678189171	18.119314617545452
925	5	56.419083651856745	40.81352839298253	18.119314617545452
926	5	7.024510415152125	11.265563830870576	18.119314617545452
927	5	9.923514713468878	12.810555441961398	18.119314617545452
928	5	12.822519011785626	14.355547053052218	18.119314617545452
929	5	15.721523310102375	15.90053866414304	18.119314617545452
930	5	18.620527608419124	17.44553027523386	18.119314617545452
931	5	21.519531906735878	18.99052188632468	18.119314617545452
932	5	24.418536205052625	20.535513497415504	18.119314617545452
933	5	27.317540503369376	22.080505108506326	18.119314617545452
934	5	30.216544801686123	23.625496719597145	18.119314617545452
935	5	33.11554910000287	25.170488330687967	18.119314617545452
936	5	36.01455339831963	26.71547994177878	18.119314617545452
937	5	38.913557696636374	28.26047155286961	18.119314617545452
938	5	41.81256199495312	29.805463163960432	18.119314617545452
939	5	44.71156629326987	31.350454775051254	18.119314617545452
940	5	47.61057059158662	32.895446386142076	18.119314617545452
941	5	50.50957488990337	34.4404379972329	18.119314617545452
942	5	53.408579188220116	35.98542960832371	18.119314617545452
943	5	56.30758348653687	37.530421219414535	18.119314617545452
944	5	59.20658778485361	39.07541283050536	18.119314617545452
945	5	62.10559208317038	40.62040444159618	18.119314617545452
946	5	4.014005951515502	6.4374650462117575	18.119314617545452
947	5	6.91301024983225	7.982456657302579	18.119314617545452
948	5	9.812014548149001	9.5274482683934	18.119314617545452
949	5	12.71101884646575	11.072439879484222	18.119314617545452
950	5	15.6100231447825	12.617431490575044	18.119314617545452
951	5	18.50902744309925	14.162423101665862	18.119314617545452
952	5	21.408031741416	15.707414712756684	18.119314617545452
953	5	24.307036039732747	17.25240632384751	18.119314617545452
954	5	27.206040338049494	18.797397934938328	18.119314617545452
955	5	30.105044636366245	20.342389546029146	18.119314617545452
956	5	33.004048934683	21.88738115711997	18.119314617545452
957	5	35.90305323299975	23.43237276821079	18.119314617545452
958	5	38.8020575313165	24.977364379301612	18.119314617545452
959	5	41.70106182963325	26.522355990392434	18.119314617545452
960	5	44.600066127949994	28.067347601483252	18.119314617545452
961	5	47.49907042626675	29.612339212574074	18.119314617545452
962	5	50.398074724583495	31.157330823664896	18.119314617545452
963	5	53.29707902290024	32.702322434755715	18.119314617545452
964	5	56.196083321216996	34.24731404584654	18.119314617545452
965	5	59.095087619533736	35.79230565693736	18.119314617545452
966	5	61.994091917850504	37.33729726802818	18.119314617545452
967	5	64.89309621616725	38.882288879119	18.119314617545452
968	5	67.79210051448399	40.427280490209824	18.119314617545452
969	5	1.0035014878788755	1.6093662615529394	18.119314617545452
970	5	3.902505786195626	3.154357872643761	18.119314617545452
971	5	6.8015100845123735	4.699349483734582	18.119314617545452
972	5	9.700514382829125	6.244341094825403	18.119314617545452
973	5	12.599518681145874	7.789332705916224	18.119314617545452
974	5	15.498522979462624	9.334324317007045	18.119314617545452
975	5	18.397527277779375	10.879315928097867	18.119314617545452
976	5	21.296531576096125	12.424307539188687	18.119314617545452
977	5	24.195535874412872	13.96929915027951	18.119314617545452
978	5	27.09454017272962	15.514290761370331	18.119314617545452
979	5	29.99354447104637	17.05928237246115	18.119314617545452
980	5	32.89254876936312	18.604273983551973	18.119314617545452
981	5	35.79155306767987	20.149265594642795	18.119314617545452
982	5	38.690557365996625	21.694257205733617	18.119314617545452
983	5	41.58956166431337	23.239248816824436	18.119314617545452
984	5	44.48856596263012	24.784240427915257	18.119314617545452
985	5	47.38757026094687	26.329232039006076	18.119314617545452
986	5	50.28657455926362	27.874223650096898	18.119314617545452
987	5	53.18557885758037	29.41921526118772	18.119314617545452
988	5	56.08458315589712	30.96420687227854	18.119314617545452
989	5	58.98358745421386	32.50919848336937	18.119314617545452
990	5	61.88259175253063	34.05419009446019	18.119314617545452
991	5	64.78159605084737	35.599181705551004	18.119314617545452
992	5	67.68060034916412	37.144173316641826	18.119314617545452
993	5	70.57960464748088	38.68916492773265	18.119314617545452
994	5	6.690009919192497	1.4162423101665849	18.119314617545452
995	5	9.589014217509249	2.961233921257406	18.119314617545452
996	5	12.488018515825997	4.5062255323482265	18.119314617545452
997	5	15.387022814142748	6.051217143439048	18.119314617545452
998	5	18.286027112459497	7.5962087545298695	18.119314617545452
999	5	21.185031410776247	9.14120036562069	18.119314617545452
1000	5	24.084035709092998	10.686191976711513	18.119314617545452
1001	5	26.983040007409745	12.231183587802333	18.119314617545452
1002	5	29.882044305726495	13.776175198893153	18.119314617545452
1003	5	32.78104860404324	15.321166809983977	18.119314617545452
1004	5	35.680052902359996	16.866158421074797	18.119314617545452
1005	5	38.57905720067674	18.411150032165615	18.119314617545452
1006	5	41.47806149899349	19.956141643256437	18.119314617545452
1007	5	44.377065797310244	21.501133254347263	18.119314617545452
1008	5	47.276070095627	23.04612486543808	18.119314617545452
1009	5	50.175074393943746	24.591116476528903	18.119314617545452
1010	5	53.07407869226048	26.13610808761972	18.119314617545452
1011	5	55.97308299057725	27.68109969871054	18.119314617545452
1012	5	58.87208728889399	29.22609130980137	18.119314617545452
1013	5	61.771091587210755	30.77108292089219	18.119314617545452
1014	5	64.6700958855275	32.31607453198301	18.119314617545452
1015	5	67.56910018384424	33.861066143073835	18.119314617545452
1016	5	12.376518350506121	1.2231183587802301	18.119314617545452
1017	5	15.275522648822871	2.7681099698710514	18.119314617545452
1018	5	18.174526947139622	4.313101580961872	18.119314617545452
1019	5	21.073531245456373	5.858093192052694	18.119314617545452
1020	5	23.97253554377312	7.403084803143514	18.119314617545452
1021	5	26.87153984208987	8.948076414234336	18.119314617545452
1022	5	29.770544140406617	10.493068025325158	18.119314617545452
1023	5	32.66954843872337	12.038059636415978	18.119314617545452
1024	5	35.56855273704012	13.5830512475068	18.119314617545452
1025	5	38.46755703535687	15.12804285859762	18.119314617545452
1026	5	41.366561333673616	16.673034469688442	18.119314617545452
1027	5	44.26556563199036	18.218026080779264	18.119314617545452
1028	5	47.16456993030712	19.763017691870086	18.119314617545452
1029	5	50.06357422862387	21.308009302960905	18.119314617545452
1030	5	52.962578526940604	22.853000914051727	18.119314617545452
1031	5	55.86158282525737	24.39799252514255	18.119314617545452
1032	5	58.76058712357411	25.942984136233367	18.119314617545452
1033	5	61.65959142189088	27.487975747324192	18.119314617545452
1034	5	64.55859572020762	29.03296735841501	18.119314617545452
1035	5	18.063026781819747	1.0299944073938754	18.119314617545452
1036	5	20.962031080136494	2.5749860184846964	18.119314617545452
1037	5	23.861035378453245	4.1199776295755175	18.119314617545452
1038	5	26.76003967676999	5.6649692406663394	18.119314617545452
1039	5	29.659043975086743	7.209960851757161	18.119314617545452
1040	5	32.55804827340349	8.754952462847982	18.119314617545452
1041	5	35.45705257172025	10.299944073938804	18.119314617545452
1042	5	38.356056870036994	11.844935685029624	18.119314617545452
1043	5	41.25506116835374	13.389927296120444	18.119314617545452
1044	5	44.15406546667049	14.934918907211268	18.119314617545452
1045	5	47.05306976498724	16.479910518302088	18.119314617545452
1046	5	49.95207406330399	18.024902129392906	18.119314617545452
1047	5	52.85107836162073	19.56989374048373	18.119314617545452
1048	5	55.7500826599375	21.114885351574554	18.119314617545452
1049	5	58.64908695825424	22.659876962665372	18.119314617545452
1050	5	61.548091256571006	24.20486857375619	18.119314617545452
1051	5	23.749535213133367	0.8368704560075207	18.119314617545452
1052	5	26.648539511450114	2.381862067098342	18.119314617545452
1053	5	29.547543809766864	3.926853678189163	18.119314617545452
1054	5	32.44654810808361	5.471845289279984	18.119314617545452
1055	5	35.34555240640037	7.016836900370806	18.119314617545452
1056	5	38.24455670471712	8.561828511461625	18.119314617545452
1057	5	41.14356100303387	10.106820122552449	18.119314617545452
1058	5	44.04256530135061	11.65181173364327	18.119314617545452
1059	5	46.94156959966737	13.19680334473409	18.119314617545452
1060	5	49.840573897984115	14.741794955824911	18.119314617545452
1061	5	52.739578196300855	16.286786566915737	18.119314617545452
1062	5	55.63858249461762	17.831778178006555	18.119314617545452
1063	5	58.53758679293436	19.376769789097374	18.119314617545452
1064	5	29.43604364444699	0.6437465046211663	18.119314617545452
1065	5	32.33504794276374	2.1887381157119874	18.119314617545452
1066	5	35.23405224108049	3.733729726802808	18.119314617545452
1067	5	38.13305653939724	5.27872133789363	18.119314617545452
1068	5	41.03206083771399	6.8237129489844515	18.119314617545452
1069	5	43.93106513603074	8.368704560075273	18.119314617545452
1070	5	46.83006943434749	9.913696171166094	18.119314617545452
1071	5	49.72907373266424	11.458687782256915	18.119314617545452
1072	5	52.62807803098098	13.003679393347735	18.119314617545452
1073	5	55.52708232929775	14.548671004438557	18.119314617545452
1074	5	35.122552075760616	0.45062255323481143	18.119314617545452
1075	5	38.02155637407736	1.9956141643256327	18.119314617545452
1076	5	40.92056067239411	3.540605775416454	18.119314617545452
1077	5	43.81956497071086	5.085597386507275	18.119314617545452
1078	5	46.71856926902762	6.630588997598096	18.119314617545452
1079	5	49.617573567344365	8.175580608688916	18.119314617545452
1080	5	52.516577865661105	9.720572219779738	18.119314617545452
1081	5	40.809060507074236	0.2574986018484568	18.119314617545452
1082	5	43.70806480539098	1.8024902129392781	18.119314617545452
1083	5	46.60706910370774	3.347481824030099	18.119314617545452
1084	5	49.506073402024484	4.8924734351209205	18.119314617545452
1085	5	46.49556893838786	0.06437465046210229	18.119314617545452
1086	6	25.087537196971883	40.234156538823484	14.800685382454553
1087	6	27.986541495288627	41.779148149914306	14.800685382454553
1088	6	22.07703273333526	35.40605775416467	14.800685382454553
1089	6	24.976037031652005	36.951049365255486	14.800685382454553
1090	6	27.875041329968752	38.49604097634631	14.800685382454553
1091	6	30.774045628285503	40.04103258743713	14.800685382454553
1092	6	33.67304992660225	41.58602419852795	14.800685382454553
1093	6	19.06652826969863	30.57795896950585	14.800685382454553
1094	6	21.96553256801538	32.12295058059667	14.800685382454553
1095	6	24.86453686633213	33.667942191687494	14.800685382454553
1096	6	27.763541164648874	35.212933802778316	14.800685382454553
1097	6	30.662545462965628	36.75792541386913	14.800685382454553
1098	6	33.56154976128238	38.30291702495995	14.800685382454553
1099	6	36.46055405959913	39.847908636050775	14.800685382454553
1100	6	39.35955835791588	41.3929002471416	14.800685382454553
1101	6	16.056023806062004	25.74986018484703	14.800685382454553
1102	6	18.955028104378755	27.294851795937852	14.800685382454553
1103	6	21.854032402695506	28.839843407028674	14.800685382454553
1104	6	24.753036701012253	30.384835018119496	14.800685382454553
1105	6	27.652040999329	31.929826629210314	14.800685382454553
1106	6	30.551045297645747	33.47481824030114	14.800685382454553
1107	6	33.4500495959625	35.01980985139196	14.800685382454553
1108	6	36.34905389427926	36.56480146248278	14.800685382454553
1109	6	39.248058192596005	38.1097930735736	14.800685382454553
1110	6	42.14706249091275	39.65478468466442	14.800685382454553
1111	6	45.04606678922949	41.19977629575524	14.800685382454553
1112	6	13.04551934242538	20.921761400188213	14.800685382454553
1113	6	15.944523640742128	22.466753011279035	14.800685382454553
1114	6	18.843527939058877	24.011744622369854	14.800685382454553
1115	6	21.74253223737563	25.556736233460676	14.800685382454553
1116	6	24.641536535692378	27.101727844551494	14.800685382454553
1117	6	27.540540834009125	28.646719455642316	14.800685382454553
1118	6	30.439545132325872	30.191711066733138	14.800685382454553
1119	6	33.33854943064262	31.73670267782396	14.800685382454553
1120	6	36.23755372895938	33.28169428891478	14.800685382454553
1121	6	39.13655802727612	34.82668590000561	14.800685382454553
1122	6	42.03556232559288	36.37167751109642	14.800685382454553
1123	6	44.93456662390962	37.916669122187244	14.800685382454553
1124	6	47.83357092222638	39.461660733278066	14.800685382454553
1125	6	50.732575220543126	41.00665234436889	14.800685382454553
1126	6	10.035014878788752	16.093662615529393	14.800685382454553
1127	6	12.934019177105503	17.63865422662022	14.800685382454553
1128	6	15.833023475422253	19.183645837711037	14.800685382454553
1129	6	18.732027773739002	20.72863744880186	14.800685382454553
1130	6	21.631032072055753	22.273629059892677	14.800685382454553
1131	6	24.5300363703725	23.8186206709835	14.800685382454553
1132	6	27.42904066868925	25.36361228207432	14.800685382454553
1133	6	30.328044967005997	26.90860389316514	14.800685382454553
1134	6	33.22704926532275	28.45359550425596	14.800685382454553
1135	6	36.1260535636395	29.998587115346783	14.800685382454553
1136	6	39.02505786195625	31.54357872643761	14.800685382454553
1137	6	41.924062160272996	33.08857033752843	14.800685382454553
1138	6	44.82306645858974	34.63356194861925	14.800685382454553
1139	6	47.722070756906504	36.17855355971007	14.800685382454553
1140	6	50.62107505522325	37.72354517080089	14.800685382454553
1141	6	53.52007935353999	39.26853678189171	14.800685382454553
1142	6	56.419083651856745	40.81352839298253	14.800685382454553
1143	6	7.024510415152125	11.265563830870576	14.800685382454553
1144	6	9.923514713468878	12.810555441961398	14.800685382454553
1145	6	12.822519011785626	14.355547053052218	14.800685382454553
1146	6	15.721523310102375	15.90053866414304	14.800685382454553
1147	6	18.620527608419124	17.44553027523386	14.800685382454553
1148	6	21.519531906735878	18.99052188632468	14.800685382454553
1149	6	24.418536205052625	20.535513497415504	14.800685382454553
1150	6	27.317540503369376	22.080505108506326	14.800685382454553
1151	6	30.216544801686123	23.625496719597145	14.800685382454553
1152	6	33.11554910000287	25.170488330687967	14.800685382454553
1153	6	36.01455339831963	26.71547994177878	14.800685382454553
1154	6	38.913557696636374	28.26047155286961	14.800685382454553
1155	6	41.81256199495312	29.805463163960432	14.800685382454553
1156	6	44.71156629326987	31.350454775051254	14.800685382454553
1157	6	47.61057059158662	32.895446386142076	14.800685382454553
1158	6	50.50957488990337	34.4404379972329	14.800685382454553
1159	6	53.408579188220116	35.98542960832371	14.800685382454553
1160	6	56.30758348653687	37.530421219414535	14.800685382454553
1161	6	59.20658778485361	39.07541283050536	14.800685382454553
1162	6	62.10559208317038	40.62040444159618	14.800685382454553
1163	6	4.014005951515502	6.4374650462117575	14.800685382454553
1164	6	6.91301024983225	7.982456657302579	14.800685382454553
1165	6	9.812014548149001	9.5274482683934	14.800685382454553
1166	6	12.71101884646575	11.072439879484222	14.800685382454553
1167	6	15.6100231447825	12.617431490575044	14.800685382454553
1168	6	18.50902744309925	14.162423101665862	14.800685382454553
1169	6	21.408031741416	15.707414712756684	14.800685382454553
1170	6	24.307036039732747	17.25240632384751	14.800685382454553
1171	6	27.206040338049494	18.797397934938328	14.800685382454553
1172	6	30.105044636366245	20.342389546029146	14.800685382454553
1173	6	33.004048934683	21.88738115711997	14.800685382454553
1174	6	35.90305323299975	23.43237276821079	14.800685382454553
1175	6	38.8020575313165	24.977364379301612	14.800685382454553
1176	6	41.70106182963325	26.522355990392434	14.800685382454553
1177	6	44.600066127949994	28.067347601483252	14.800685382454553
1178	6	47.49907042626675	29.612339212574074	14.800685382454553
1179	6	50.398074724583495	31.157330823664896	14.800685382454553
1180	6	53.29707902290024	32.702322434755715	14.800685382454553
1181	6	56.196083321216996	34.24731404584654	14.800685382454553
1182	6	59.095087619533736	35.79230565693736	14.800685382454553
1183	6	61.994091917850504	37.33729726802818	14.800685382454553
1184	6	64.89309621616725	38.882288879119	14.800685382454553
1185	6	67.79210051448399	40.427280490209824	14.800685382454553
1186	6	1.0035014878788755	1.6093662615529394	14.800685382454553
1187	6	3.902505786195626	3.154357872643761	14.800685382454553
1188	6	6.8015100845123735	4.699349483734582	14.800685382454553
1189	6	9.700514382829125	6.244341094825403	14.800685382454553
1190	6	12.599518681145874	7.789332705916224	14.800685382454553
1191	6	15.498522979462624	9.334324317007045	14.800685382454553
1192	6	18.397527277779375	10.879315928097867	14.800685382454553
1193	6	21.296531576096125	12.424307539188687	14.800685382454553
1194	6	24.195535874412872	13.96929915027951	14.800685382454553
1195	6	27.09454017272962	15.514290761370331	14.800685382454553
1196	6	29.99354447104637	17.05928237246115	14.800685382454553
1197	6	32.89254876936312	18.604273983551973	14.800685382454553
1198	6	35.79155306767987	20.149265594642795	14.800685382454553
1199	6	38.690557365996625	21.694257205733617	14.800685382454553
1200	6	41.58956166431337	23.239248816824436	14.800685382454553
1201	6	44.48856596263012	24.784240427915257	14.800685382454553
1202	6	47.38757026094687	26.329232039006076	14.800685382454553
1203	6	50.28657455926362	27.874223650096898	14.800685382454553
1204	6	53.18557885758037	29.41921526118772	14.800685382454553
1205	6	56.08458315589712	30.96420687227854	14.800685382454553
1206	6	58.98358745421386	32.50919848336937	14.800685382454553
1207	6	61.88259175253063	34.05419009446019	14.800685382454553
1208	6	64.78159605084737	35.599181705551004	14.800685382454553
1209	6	67.68060034916412	37.144173316641826	14.800685382454553
1210	6	70.57960464748088	38.68916492773265	14.800685382454553
1211	6	6.690009919192497	1.4162423101665849	14.800685382454553
1212	6	9.589014217509249	2.961233921257406	14.800685382454553
1213	6	12.488018515825997	4.5062255323482265	14.800685382454553
1214	6	15.387022814142748	6.051217143439048	14.800685382454553
1215	6	18.286027112459497	7.5962087545298695	14.800685382454553
1216	6	21.185031410776247	9.14120036562069	14.800685382454553
1217	6	24.084035709092998	10.686191976711513	14.800685382454553
1218	6	26.983040007409745	12.231183587802333	14.800685382454553
1219	6	29.882044305726495	13.776175198893153	14.800685382454553
1220	6	32.78104860404324	15.321166809983977	14.800685382454553
1221	6	35.680052902359996	16.866158421074797	14.800685382454553
1222	6	38.57905720067674	18.411150032165615	14.800685382454553
1223	6	41.47806149899349	19.956141643256437	14.800685382454553
1224	6	44.377065797310244	21.501133254347263	14.800685382454553
1225	6	47.276070095627	23.04612486543808	14.800685382454553
1226	6	50.175074393943746	24.591116476528903	14.800685382454553
1227	6	53.07407869226048	26.13610808761972	14.800685382454553
1228	6	55.97308299057725	27.68109969871054	14.800685382454553
1229	6	58.87208728889399	29.22609130980137	14.800685382454553
1230	6	61.771091587210755	30.77108292089219	14.800685382454553
1231	6	64.6700958855275	32.31607453198301	14.800685382454553
1232	6	67.56910018384424	33.861066143073835	14.800685382454553
1233	6	12.376518350506121	1.2231183587802301	14.800685382454553
1234	6	15.275522648822871	2.7681099698710514	14.800685382454553
1235	6	18.174526947139622	4.313101580961872	14.800685382454553
1236	6	21.073531245456373	5.858093192052694	14.800685382454553
1237	6	23.97253554377312	7.403084803143514	14.800685382454553
1238	6	26.87153984208987	8.948076414234336	14.800685382454553
1239	6	29.770544140406617	10.493068025325158	14.800685382454553
1240	6	32.66954843872337	12.038059636415978	14.800685382454553
1241	6	35.56855273704012	13.5830512475068	14.800685382454553
1242	6	38.46755703535687	15.12804285859762	14.800685382454553
1243	6	41.366561333673616	16.673034469688442	14.800685382454553
1244	6	44.26556563199036	18.218026080779264	14.800685382454553
1245	6	47.16456993030712	19.763017691870086	14.800685382454553
1246	6	50.06357422862387	21.308009302960905	14.800685382454553
1247	6	52.962578526940604	22.853000914051727	14.800685382454553
1248	6	55.86158282525737	24.39799252514255	14.800685382454553
1249	6	58.76058712357411	25.942984136233367	14.800685382454553
1250	6	61.65959142189088	27.487975747324192	14.800685382454553
1251	6	64.55859572020762	29.03296735841501	14.800685382454553
1252	6	18.063026781819747	1.0299944073938754	14.800685382454553
1253	6	20.962031080136494	2.5749860184846964	14.800685382454553
1254	6	23.861035378453245	4.1199776295755175	14.800685382454553
1255	6	26.76003967676999	5.6649692406663394	14.800685382454553
1256	6	29.659043975086743	7.209960851757161	14.800685382454553
1257	6	32.55804827340349	8.754952462847982	14.800685382454553
1258	6	35.45705257172025	10.299944073938804	14.800685382454553
1259	6	38.356056870036994	11.844935685029624	14.800685382454553
1260	6	41.25506116835374	13.389927296120444	14.800685382454553
1261	6	44.15406546667049	14.934918907211268	14.800685382454553
1262	6	47.05306976498724	16.479910518302088	14.800685382454553
1263	6	49.95207406330399	18.024902129392906	14.800685382454553
1264	6	52.85107836162073	19.56989374048373	14.800685382454553
1265	6	55.7500826599375	21.114885351574554	14.800685382454553
1266	6	58.64908695825424	22.659876962665372	14.800685382454553
1267	6	61.548091256571006	24.20486857375619	14.800685382454553
1268	6	23.749535213133367	0.8368704560075207	14.800685382454553
1269	6	26.648539511450114	2.381862067098342	14.800685382454553
1270	6	29.547543809766864	3.926853678189163	14.800685382454553
1271	6	32.44654810808361	5.471845289279984	14.800685382454553
1272	6	35.34555240640037	7.016836900370806	14.800685382454553
1273	6	38.24455670471712	8.561828511461625	14.800685382454553
1274	6	41.14356100303387	10.106820122552449	14.800685382454553
1275	6	44.04256530135061	11.65181173364327	14.800685382454553
1276	6	46.94156959966737	13.19680334473409	14.800685382454553
1277	6	49.840573897984115	14.741794955824911	14.800685382454553
1278	6	52.739578196300855	16.286786566915737	14.800685382454553
1279	6	55.63858249461762	17.831778178006555	14.800685382454553
1280	6	58.53758679293436	19.376769789097374	14.800685382454553
1281	6	29.43604364444699	0.6437465046211663	14.800685382454553
1282	6	32.33504794276374	2.1887381157119874	14.800685382454553
1283	6	35.23405224108049	3.733729726802808	14.800685382454553
1284	6	38.13305653939724	5.27872133789363	14.800685382454553
1285	6	41.03206083771399	6.8237129489844515	14.800685382454553
1286	6	43.93106513603074	8.368704560075273	14.800685382454553
1287	6	46.83006943434749	9.913696171166094	14.800685382454553
1288	6	49.72907373266424	11.458687782256915	14.800685382454553
1289	6	52.62807803098098	13.003679393347735	14.800685382454553
1290	6	55.52708232929775	14.548671004438557	14.800685382454553
1291	6	35.122552075760616	0.45062255323481143	14.800685382454553
1292	6	38.02155637407736	1.9956141643256327	14.800685382454553
1293	6	40.92056067239411	3.540605775416454	14.800685382454553
1294	6	43.81956497071086	5.085597386507275	14.800685382454553
1295	6	46.71856926902762	6.630588997598096	14.800685382454553
1296	6	49.617573567344365	8.175580608688916	14.800685382454553
1297	6	52.516577865661105	9.720572219779738	14.800685382454553
1298	6	40.809060507074236	0.2574986018484568	14.800685382454553
1299	6	43.70806480539098	1.8024902129392781	14.800685382454553
1300	6	46.60706910370774	3.347481824030099	14.800685382454553
1301	6	49.506073402024484	4.8924734351209205	14.800685382454553
1302	6	46.49556893838786	0.06437465046210229	14.800685382454553