1	1	17.6355451072632	30.37736449677103	10.
2	1	15.012075587174461	25.328495051324325	10.
3	1	17.7812934139348	27.09559935723067	10.
4	1	20.550511240695137	28.86270366313702	10.
5	1	23.319729067455473	30.629807969043362	10.
6	1	12.388606067085721	20.279625605877616	10.
7	1	15.157823893846059	22.046729911783963	10.
8	1	17.927041720606397	23.81383421769031	10.
9	1	20.696259547366736	25.580938523596657	10.
10	1	23.465477374127072	27.348042829503008	10.
11	1	26.234695200887405	29.115147135409355	10.
12	1	29.003913027647744	30.8822514413157	10.
13	1	9.76513654699698	15.230756160430904	10.
14	1	12.534354373757319	16.997860466337254	10.
15	1	15.303572200517655	18.7649647722436	10.
16	1	18.072790027277993	20.53206907814995	10.
17	1	20.842007854038332	22.299173384056296	10.
18	1	23.61122568079867	24.066277689962646	10.
19	1	26.380443507559	25.833381995868994	10.
20	1	29.149661334319337	27.600486301775344	10.
21	1	31.918879161079676	29.36759060768169	10.
22	1	34.68809698784002	31.134694913588035	10.
23	1	7.141667026908238	10.181886714984195	10.
24	1	9.910884853668577	11.948991020890544	10.
25	1	12.680102680428915	13.716095326796891	10.
26	1	15.449320507189253	15.48319963270324	10.
27	1	18.218538333949592	17.250303938609587	10.
28	1	20.987756160709928	19.017408244515934	10.
29	1	23.756973987470264	20.784512550422285	10.
30	1	26.526191814230597	22.551616856328632	10.
31	1	29.295409640990933	24.318721162234983	10.
32	1	32.06462746775127	26.085825468141326	10.
33	1	34.83384529451161	27.85292977404768	10.
34	1	37.60306312127195	29.62003407995402	10.
35	1	40.37228094803229	31.38713838586037	10.
36	1	4.518197506819498	5.133017269537487	10.
37	1	7.287415333579834	6.900121575443836	10.
38	1	10.056633160340175	8.667225881350182	10.
39	1	12.825850987100512	10.434330187256531	10.
40	1	15.595068813860847	12.201434493162878	10.
41	1	18.364286640621184	13.968538799069227	10.
42	1	21.133504467381528	15.735643104975575	10.
43	1	23.90272229414186	17.502747410881923	10.
44	1	26.671940120902192	19.26985171678827	10.
45	1	29.44115794766253	21.03695602269462	10.
46	1	32.21037577442287	22.804060328600965	10.
47	1	34.979593601183204	24.571164634507316	10.
48	1	37.74881142794355	26.338268940413666	10.
49	1	40.51802925470388	28.10537324632001	10.
50	1	43.287247081464216	29.872477552226357	10.
51	1	46.05646490822456	31.639581858132708	10.
52	1	1.8947279867307574	0.08414782409077842	10.
53	1	4.663945813491095	1.8512521299971263	10.
54	1	7.433163640251431	3.6183564359034746	10.
55	1	10.202381467011769	5.385460741809823	10.
56	1	12.971599293772108	7.152565047716171	10.
57	1	15.740817120532443	8.919669353622519	10.
58	1	18.51003494729278	10.686773659528868	10.
59	1	21.27925277405312	12.453877965435215	10.
60	1	24.048470600813456	14.220982271341562	10.
61	1	26.817688427573792	15.98808657724791	10.
62	1	29.586906254334128	17.75519088315426	10.
63	1	32.35612408109447	19.522295189060603	10.
64	1	35.1253419078548	21.289399494966954	10.
65	1	37.89455973461514	23.0565038008733	10.
66	1	40.66377756137548	24.823608106779652	10.
67	1	43.432995388135815	26.590712412686	10.
68	1	46.20221321489615	28.357816718592346	10.
69	1	48.971431041656494	30.124921024498693	10.
70	1	51.74064886841683	31.892025330405037	10.
71	1	7.578911946923028	0.33659129636311363	10.
72	1	10.348129773683366	2.1036956022694615	10.
73	1	13.117347600443704	3.8707999081758095	10.
74	1	15.88656542720404	5.637904214082157	10.
75	1	18.65578325396438	7.405008519988505	10.
76	1	21.425001080724716	9.172112825894853	10.
77	1	24.19421890748505	10.939217131801202	10.
78	1	26.963436734245388	12.70632143770755	10.
79	1	29.732654561005724	14.473425743613898	10.
80	1	32.50187238776606	16.240530049520245	10.
81	1	35.2710902145264	18.007634355426593	10.
82	1	38.04030804128674	19.77473866133294	10.
83	1	40.809525868047075	21.54184296723929	10.
84	1	43.578743694807414	23.308947273145638	10.
85	1	46.34796152156775	25.076051579051985	10.
86	1	49.11717934832809	26.843155884958335	10.
87	1	51.88639717508842	28.610260190864683	10.
88	1	13.263095907115302	0.5890347686354489	10.
89	1	16.032313733875636	2.356139074541797	10.
90	1	18.801531560635976	4.123243380448145	10.
91	1	21.570749387396315	5.8903476863544935	10.
92	1	24.339967214156648	7.657451992260841	10.
93	1	27.109185040916984	9.424556298167188	10.
94	1	29.87840286767732	11.191660604073537	10.
95	1	32.64762069443766	12.958764909979886	10.
96	1	35.416838521197995	14.725869215886235	10.
97	1	38.18605634795834	16.49297352179258	10.
98	1	40.955274174718674	18.26007782769893	10.
99	1	43.72449200147901	20.027182133605276	10.
100	1	46.493709828239346	21.794286439511623	10.
101	1	49.262927654999686	23.561390745417974	10.
102	1	18.94727986730757	0.8414782409077841	10.
103	1	21.71649769406791	2.6085825468141324	10.
104	1	24.485715520828247	4.37568685272048	10.
105	1	27.254933347588583	6.142791158626828	10.
106	1	30.024151174348916	7.909895464533177	10.
107	1	32.793369001109255	9.676999770439524	10.
108	1	35.562586827869595	11.444104076345871	10.
109	1	38.331804654629934	13.211208382252222	10.
110	1	41.101022481390274	14.978312688158567	10.
111	1	43.870240308150606	16.745416994064914	10.
112	1	46.63945813491094	18.51252129997126	10.
113	1	24.631463827499843	1.0939217131801193	10.
114	1	27.40068165426018	2.8610260190864674	10.
115	1	30.169899481020515	4.628130324992815	10.
116	1	32.939117307780855	6.3952346308991626	10.
117	1	35.708335134541194	8.162338936805511	10.
118	1	38.477552961301534	9.929443242711859	10.
119	1	41.246770788061866	11.696547548618206	10.
120	1	44.015988614822206	13.463651854524555	10.
121	1	30.31564778769211	1.3463651854524545	10.
122	1	33.084865614452454	3.1134694913588024	10.
123	1	35.85408344121279	4.880573797265151	10.
124	1	38.623301267973126	6.6476781031715	10.
125	1	41.392519094733466	8.414782409077846	10.
126	1	35.999831747884386	1.5988086577247898	10.
127	1	38.769049574644725	3.3659129636311382	10.
128	2	16.761055267233623	28.694408014955464	11.65931461754545
129	2	19.53027309399396	30.461512320861807	11.65931461754545
130	2	14.13758574714488	23.64553856950875	11.65931461754545
131	2	16.90680357390522	25.412642875415102	11.65931461754545
132	2	19.676021400665558	27.179747181321446	11.65931461754545
133	2	22.445239227425894	28.946851487227796	11.65931461754545
134	2	25.214457054186227	30.713955793134144	11.65931461754545
135	2	11.51411622705614	18.596669124062043	11.65931461754545
136	2	14.283334053816477	20.36377342996839	11.65931461754545
137	2	17.052551880576814	22.13087773587474	11.65931461754545
138	2	19.821769707337154	23.897982041781088	11.65931461754545
139	2	22.59098753409749	25.66508634768744	11.65931461754545
140	2	25.360205360857826	27.432190653593782	11.65931461754545
141	2	28.129423187618162	29.199294959500133	11.65931461754545
142	2	30.898641014378505	30.96639926540648	11.65931461754545
143	2	8.890646706967399	13.547799678615336	11.65931461754545
144	2	11.659864533727736	15.314903984521681	11.65931461754545
145	2	14.429082360488074	17.08200829042803	11.65931461754545
146	2	17.198300187248414	18.84911259633438	11.65931461754545
147	2	19.96751801400875	20.616216902240726	11.65931461754545
148	2	22.736735840769086	22.383321208147077	11.65931461754545
149	2	25.505953667529422	24.15042551405342	11.65931461754545
150	2	28.27517149428976	25.91752981995977	11.65931461754545
151	2	31.044389321050094	27.68463412586612	11.65931461754545
152	2	33.81360714781044	29.45173843177247	11.65931461754545
153	2	36.58282497457077	31.218842737678813	11.65931461754545
154	2	6.267177186878658	8.498930233168627	11.65931461754545
155	2	9.036395013638995	10.266034539074974	11.65931461754545
156	2	11.805612840399334	12.033138844981323	11.65931461754545
157	2	14.574830667159668	13.800243150887672	11.65931461754545
158	2	17.34404849392001	15.567347456794018	11.65931461754545
159	2	20.11326632068035	17.334451762700365	11.65931461754545
160	2	22.88248414744068	19.101556068606715	11.65931461754545
161	2	25.651701974201018	20.868660374513063	11.65931461754545
162	2	28.420919800961357	22.63576468041941	11.65931461754545
163	2	31.190137627721693	24.402868986325757	11.65931461754545
164	2	33.959355454482036	26.169973292232108	11.65931461754545
165	2	36.72857328124236	27.937077598138455	11.65931461754545
166	2	39.4977911080027	29.704181904044805	11.65931461754545
167	2	42.26700893476305	31.47128620995115	11.65931461754545
168	2	3.6437076667899175	3.450060787721918	11.65931461754545
169	2	6.412925493550254	5.217165093628266	11.65931461754545
170	2	9.18214332031059	6.984269399534614	11.65931461754545
171	2	11.95136114707093	8.751373705440962	11.65931461754545
172	2	14.720578973831264	10.51847801134731	11.65931461754545
173	2	17.489796800591602	12.285582317253658	11.65931461754545
174	2	20.25901462735194	14.052686623160005	11.65931461754545
175	2	23.02823245411228	15.819790929066354	11.65931461754545
176	2	25.797450280872617	17.5868952349727	11.65931461754545
177	2	28.566668107632953	19.353999540879048	11.65931461754545
178	2	31.33588593439329	21.1211038467854	11.65931461754545
179	2	34.10510376115363	22.888208152691746	11.65931461754545
180	2	36.87432158791396	24.655312458598093	11.65931461754545
181	2	39.6435394146743	26.422416764504444	11.65931461754545
182	2	42.41275724143464	28.18952107041079	11.65931461754545
183	2	45.18197506819498	29.95662537631714	11.65931461754545
184	2	47.95119289495532	31.723729682223485	11.65931461754545
185	2	3.7894559734615147	0.16829564818155685	11.65931461754545
186	2	6.558673800221851	1.9353999540879048	11.65931461754545
187	2	9.327891626982188	3.7025042599942526	11.65931461754545
188	2	12.097109453742526	5.469608565900601	11.65931461754545
189	2	14.866327280502862	7.236712871806949	11.65931461754545
190	2	17.6355451072632	9.003817177713296	11.65931461754545
191	2	20.404762934023537	10.770921483619645	11.65931461754545
192	2	23.173980760783873	12.538025789525992	11.65931461754545
193	2	25.94319858754421	14.305130095432341	11.65931461754545
194	2	28.71241641430455	16.072234401338687	11.65931461754545
195	2	31.481634241064885	17.839338707245037	11.65931461754545
196	2	34.25085206782523	19.606443013151384	11.65931461754545
197	2	37.02006989458556	21.373547319057735	11.65931461754545
198	2	39.7892877213459	23.140651624964082	11.65931461754545
199	2	42.55850554810623	24.90775593087043	11.65931461754545
200	2	45.32772337486657	26.67486023677678	11.65931461754545
201	2	48.09694120162691	28.441964542683124	11.65931461754545
202	2	50.86615902838724	30.20906884858947	11.65931461754545
203	2	53.63537685514759	31.97617315449582	11.65931461754545
204	2	9.473639933653784	0.420739120453892	11.65931461754545
205	2	12.242857760414124	2.18784342636024	11.65931461754545
206	2	15.012075587174458	3.9549477322665885	11.65931461754545
207	2	17.781293413934797	5.722052038172936	11.65931461754545
208	2	20.550511240695137	7.489156344079284	11.65931461754545
209	2	23.31972906745547	9.25626064998563	11.65931461754545
210	2	26.088946894215805	11.02336495589198	11.65931461754545
211	2	28.85816472097615	12.790469261798329	11.65931461754545
212	2	31.627382547736484	14.557573567704678	11.65931461754545
213	2	34.39660037449683	16.324677873611023	11.65931461754545
214	2	37.16581820125715	18.091782179517374	11.65931461754545
215	2	39.93503602801749	19.85888648542372	11.65931461754545
216	2	42.70425385477783	21.625990791330068	11.65931461754545
217	2	45.47347168153817	23.393095097236415	11.65931461754545
218	2	48.24268950829851	25.160199403142766	11.65931461754545
219	2	51.01190733505884	26.92730370904911	11.65931461754545
220	2	15.157823893846055	0.6731825927262273	11.65931461754545
221	2	17.927041720606393	2.4402868986325754	11.65931461754545
222	2	20.696259547366733	4.207391204538923	11.65931461754545
223	2	23.46547737412707	5.974495510445271	11.65931461754545
224	2	26.234695200887405	7.741599816351619	11.65931461754545
225	2	29.003913027647744	9.508704122257967	11.65931461754545
226	2	31.77313085440808	11.275808428164314	11.65931461754545
227	2	34.54234868116842	13.042912734070663	11.65931461754545
228	2	37.31156650792875	14.81001703997701	11.65931461754545
229	2	40.08078433468909	16.57712134588336	11.65931461754545
230	2	42.850002161449424	18.344225651789706	11.65931461754545
231	2	45.61921998820977	20.111329957696054	11.65931461754545
232	2	48.3884378149701	21.878434263602404	11.65931461754545
233	2	20.84200785403833	0.9256260649985625	11.65931461754545
234	2	23.611225680798665	2.6927303709049104	11.65931461754545
235	2	26.380443507559	4.4598346768112584	11.65931461754545
236	2	29.14966133431934	6.2269389827176065	11.65931461754545
237	2	31.918879161079676	7.994043288623955	11.65931461754545
238	2	34.68809698784002	9.761147594530302	11.65931461754545
239	2	37.457314814600345	11.52825190043665	11.65931461754545
240	2	40.22653264136069	13.295356206343	11.65931461754545
241	2	42.995750468121024	15.062460512249347	11.65931461754545
242	2	45.76496829488136	16.829564818155692	11.65931461754545
243	2	26.526191814230597	1.1780695372708976	11.65931461754545
244	2	29.29540964099094	2.945173843177246	11.65931461754545
245	2	32.06462746775127	4.712278149083594	11.65931461754545
246	2	34.83384529451161	6.479382454989942	11.65931461754545
247	2	37.603063121271944	8.24648676089629	11.65931461754545
248	2	40.372280948032284	10.013591066802638	11.65931461754545
249	2	43.14149877479262	11.780695372708987	11.65931461754545
250	2	32.21037577442287	1.4305130095432328	11.65931461754545
251	2	34.97959360118321	3.1976173154495813	11.65931461754545
252	2	37.748811427943544	4.964721621355928	11.65931461754545
253	2	40.51802925470388	6.7318259272622765	11.65931461754545
254	2	37.894559734615136	1.682956481815568	11.65931461754545
255	3	16.761055267233623	28.694408014955464	8.34068538245455
256	3	19.53027309399396	30.461512320861807	8.34068538245455
257	3	14.13758574714488	23.64553856950875	8.34068538245455
258	3	16.90680357390522	25.412642875415102	8.34068538245455
259	3	19.676021400665558	27.179747181321446	8.34068538245455
260	3	22.445239227425894	28.946851487227796	8.34068538245455
261	3	25.214457054186227	30.713955793134144	8.34068538245455
262	3	11.51411622705614	18.596669124062043	8.34068538245455
263	3	14.283334053816477	20.36377342996839	8.34068538245455
264	3	17.052551880576814	22.13087773587474	8.34068538245455
265	3	19.821769707337154	23.897982041781088	8.34068538245455
266	3	22.59098753409749	25.66508634768744	8.34068538245455
267	3	25.360205360857826	27.432190653593782	8.34068538245455
268	3	28.129423187618162	29.199294959500133	8.34068538245455
269	3	30.898641014378505	30.96639926540648	8.34068538245455
270	3	8.890646706967399	13.547799678615336	8.34068538245455
271	3	11.659864533727736	15.314903984521681	8.34068538245455
272	3	14.429082360488074	17.08200829042803	8.34068538245455
273	3	17.198300187248414	18.84911259633438	8.34068538245455
274	3	19.96751801400875	20.616216902240726	8.34068538245455
275	3	22.736735840769086	22.383321208147077	8.34068538245455
276	3	25.505953667529422	24.15042551405342	8.34068538245455
277	3	28.27517149428976	25.91752981995977	8.34068538245455
278	3	31.044389321050094	27.68463412586612	8.34068538245455
279	3	33.81360714781044	29.45173843177247	8.34068538245455
280	3	36.58282497457077	31.218842737678813	8.34068538245455
281	3	6.267177186878658	8.498930233168627	8.34068538245455
282	3	9.036395013638995	10.266034539074974	8.34068538245455
283	3	11.805612840399334	12.033138844981323	8.34068538245455
284	3	14.574830667159668	13.800243150887672	8.34068538245455
285	3	17.34404849392001	15.567347456794018	8.34068538245455
286	3	20.11326632068035	17.334451762700365	8.34068538245455
287	3	22.88248414744068	19.101556068606715	8.34068538245455
288	3	25.651701974201018	20.868660374513063	8.34068538245455
289	3	28.420919800961357	22.63576468041941	8.34068538245455
290	3	31.190137627721693	24.402868986325757	8.34068538245455
291	3	33.959355454482036	26.169973292232108	8.34068538245455
292	3	36.72857328124236	27.937077598138455	8.34068538245455
293	3	39.4977911080027	29.704181904044805	8.34068538245455
294	3	42.26700893476305	31.47128620995115	8.34068538245455
295	3	3.6437076667899175	3.450060787721918	8.34068538245455
296	3	6.412925493550254	5.217165093628266	8.34068538245455
297	3	9.18214332031059	6.984269399534614	8.34068538245455
298	3	11.95136114707093	8.751373705440962	8.34068538245455
299	3	14.720578973831264	10.51847801134731	8.34068538245455
300	3	17.489796800591602	12.285582317253658	8.34068538245455
301	3	20.25901462735194	14.052686623160005	8.34068538245455
302	3	23.02823245411228	15.819790929066354	8.34068538245455
303	3	25.797450280872617	17.5868952349727	8.34068538245455
304	3	28.566668107632953	19.353999540879048	8.34068538245455
305	3	31.33588593439329	21.1211038467854	8.34068538245455
306	3	34.10510376115363	22.888208152691746	8.34068538245455
307	3	36.87432158791396	24.655312458598093	8.34068538245455
308	3	39.6435394146743	26.422416764504444	8.34068538245455
309	3	42.41275724143464	28.18952107041079	8.34068538245455
310	3	45.18197506819498	29.95662537631714	8.34068538245455
311	3	47.95119289495532	31.723729682223485	8.34068538245455
312	3	3.7894559734615147	0.16829564818155685	8.34068538245455
313	3	6.558673800221851	1.9353999540879048	8.34068538245455
314	3	9.327891626982188	3.7025042599942526	8.34068538245455
315	3	12.097109453742526	5.469608565900601	8.34068538245455
316	3	14.866327280502862	7.236712871806949	8.34068538245455
317	3	17.6355451072632	9.003817177713296	8.34068538245455
318	3	20.404762934023537	10.770921483619645	8.34068538245455
319	3	23.173980760783873	12.538025789525992	8.34068538245455
320	3	25.94319858754421	14.305130095432341	8.34068538245455
321	3	28.71241641430455	16.072234401338687	8.34068538245455
322	3	31.481634241064885	17.839338707245037	8.34068538245455
323	3	34.25085206782523	19.606443013151384	8.34068538245455
324	3	37.02006989458556	21.373547319057735	8.34068538245455
325	3	39.7892877213459	23.140651624964082	8.34068538245455
326	3	42.55850554810623	24.90775593087043	8.34068538245455
327	3	45.32772337486657	26.67486023677678	8.34068538245455
328	3	48.09694120162691	28.441964542683124	8.34068538245455
329	3	50.86615902838724	30.20906884858947	8.34068538245455
330	3	53.63537685514759	31.97617315449582	8.34068538245455
331	3	9.473639933653784	0.420739120453892	8.34068538245455
332	3	12.242857760414124	2.18784342636024	8.34068538245455
333	3	15.012075587174458	3.9549477322665885	8.34068538245455
334	3	17.781293413934797	5.722052038172936	8.34068538245455
335	3	20.550511240695137	7.489156344079284	8.34068538245455
336	3	23.31972906745547	9.25626064998563	8.34068538245455
337	3	26.088946894215805	11.02336495589198	8.34068538245455
338	3	28.85816472097615	12.790469261798329	8.34068538245455
339	3	31.627382547736484	14.557573567704678	8.34068538245455
340	3	34.39660037449683	16.324677873611023	8.34068538245455
341	3	37.16581820125715	18.091782179517374	8.34068538245455
342	3	39.93503602801749	19.85888648542372	8.34068538245455
343	3	42.70425385477783	21.625990791330068	8.34068538245455
344	3	45.47347168153817	23.393095097236415	8.34068538245455
345	3	48.24268950829851	25.160199403142766	8.34068538245455
346	3	51.01190733505884	26.92730370904911	8.34068538245455
347	3	15.157823893846055	0.6731825927262273	8.34068538245455
348	3	17.927041720606393	2.4402868986325754	8.34068538245455
349	3	20.696259547366733	4.207391204538923	8.34068538245455
350	3	23.46547737412707	5.974495510445271	8.34068538245455
351	3	26.234695200887405	7.741599816351619	8.34068538245455
352	3	29.003913027647744	9.508704122257967	8.34068538245455
353	3	31.77313085440808	11.275808428164314	8.34068538245455
354	3	34.54234868116842	13.042912734070663	8.34068538245455
355	3	37.31156650792875	14.81001703997701	8.34068538245455
356	3	40.08078433468909	16.57712134588336	8.34068538245455
357	3	42.850002161449424	18.344225651789706	8.34068538245455
358	3	45.61921998820977	20.111329957696054	8.34068538245455
359	3	48.3884378149701	21.878434263602404	8.34068538245455
360	3	20.84200785403833	0.9256260649985625	8.34068538245455
361	3	23.611225680798665	2.6927303709049104	8.34068538245455
362	3	26.380443507559	4.4598346768112584	8.34068538245455
363	3	29.14966133431934	6.2269389827176065	8.34068538245455
364	3	31.918879161079676	7.994043288623955	8.34068538245455
365	3	34.68809698784002	9.761147594530302	8.34068538245455
366	3	37.457314814600345	11.52825190043665	8.34068538245455
367	3	40.22653264136069	13.295356206343	8.34068538245455
368	3	42.995750468121024	15.062460512249347	8.34068538245455
369	3	45.76496829488136	16.829564818155692	8.34068538245455
370	3	26.526191814230597	1.1780695372708976	8.34068538245455
371	3	29.29540964099094	2.945173843177246	8.34068538245455
372	3	32.06462746775127	4.712278149083594	8.34068538245455
373	3	34.83384529451161	6.479382454989942	8.34068538245455
374	3	37.603063121271944	8.24648676089629	8.34068538245455
375	3	40.372280948032284	10.013591066802638	8.34068538245455
376	3	43.14149877479262	11.780695372708987	8.34068538245455
377	3	32.21037577442287	1.4305130095432328	8.34068538245455
378	3	34.97959360118321	3.1976173154495813	8.34068538245455
379	3	37.748811427943544	4.964721621355928	8.34068538245455
380	3	40.51802925470388	6.7318259272622765	8.34068538245455
381	3	37.894559734615136	1.682956481815568	8.34068538245455
382	4	20.404762934023537	31.97617315449582	16.46
383	4	17.344048493920006	27.179747181321453	16.46
384	4	20.25901462735194	28.69440801495546	16.46
385	4	23.173980760783877	30.209068848589478	16.46
386	4	26.08894689421581	31.72372968222349	16.46
387	4	14.283334053816477	22.383321208147077	16.46
388	4	17.19830018724841	23.897982041781088	16.46
389	4	20.113266320680346	25.412642875415106	16.46
390	4	23.02823245411228	26.927303709049117	16.46
391	4	25.943198587544213	28.441964542683127	16.46
392	4	28.85816472097614	29.95662537631714	16.46
393	4	31.773130854408073	31.471286209951153	16.46
394	4	11.222619613712947	17.5868952349727	16.46
395	4	14.13758574714488	19.101556068606715	16.46
396	4	17.05255188057681	20.616216902240726	16.46
397	4	19.967518014008746	22.130877735874744	16.46
398	4	22.88248414744068	23.645538569508755	16.46
399	4	25.797450280872617	25.160199403142766	16.46
400	4	28.712416414304545	26.67486023677678	16.46
401	4	31.627382547736477	28.18952107041079	16.46
402	4	34.54234868116841	29.704181904044805	16.46
403	4	37.457314814600345	31.218842737678816	16.46
404	4	8.161905173609414	12.79046926179833	16.46
405	4	11.07687130704135	14.305130095432341	16.46
406	4	13.991837440473283	15.819790929066354	16.46
407	4	16.906803573905215	17.334451762700365	16.46
408	4	19.82176970733715	18.849112596334383	16.46
409	4	22.736735840769086	20.363773429968393	16.46
410	4	25.651701974201018	21.878434263602408	16.46
411	4	28.56666810763295	23.39309509723642	16.46
412	4	31.481634241064885	24.90775593087043	16.46
413	4	34.39660037449682	26.422416764504444	16.46
414	4	37.31156650792875	27.937077598138455	16.46
415	4	40.22653264136069	29.45173843177247	16.46
416	4	43.14149877479262	30.96639926540648	16.46
417	4	5.101190733505884	7.994043288623955	16.46
418	4	8.016156866937816	9.508704122257969	16.46
419	4	10.931123000369752	11.023364955891982	16.46
420	4	13.846089133801689	12.538025789525996	16.46
421	4	16.76105526723362	14.052686623160005	16.46
422	4	19.676021400665554	15.56734745679402	16.46
423	4	22.59098753409749	17.082008290428032	16.46
424	4	25.505953667529422	18.596669124062046	16.46
425	4	28.42091980096135	20.111329957696057	16.46
426	4	31.33588593439329	21.62599079133007	16.46
427	4	34.25085206782522	23.140651624964086	16.46
428	4	37.16581820125716	24.655312458598097	16.46
429	4	40.08078433468909	26.16997329223211	16.46
430	4	42.995750468121024	27.68463412586612	16.46
431	4	45.910716601552956	29.199294959500136	16.46
432	4	48.82568273498489	30.713955793134144	16.46
433	4	2.040476293402354	3.1976173154495826	16.46
434	4	4.955442426834288	4.712278149083596	16.46
435	4	7.870408560266221	6.226938982717607	16.46
436	4	10.785374693698156	7.74159981635162	16.46
437	4	13.700340827130093	9.256260649985634	16.46
438	4	16.615306960562023	10.770921483619647	16.46
439	4	19.53027309399396	12.28558231725366	16.46
440	4	22.445239227425894	13.800243150887672	16.46
441	4	25.360205360857826	15.314903984521683	16.46
442	4	28.275171494289754	16.829564818155696	16.46
443	4	31.190137627721693	18.34422565178971	16.46
444	4	34.10510376115362	19.858886485423724	16.46
445	4	37.02006989458556	21.373547319057735	16.46
446	4	39.93503602801749	22.88820815269175	16.46
447	4	42.85000216144943	24.40286898632576	16.46
448	4	45.76496829488136	25.91752981995978	16.46
449	4	48.679934428313295	27.432190653593782	16.46
450	4	51.594900561745234	28.9468514872278	16.46
451	4	54.509866695177166	30.461512320861814	16.46
452	4	4.809694120162692	1.4305130095432346	16.46
453	4	7.7246602535946245	2.945173843177247	16.46
454	4	10.63962638702656	4.459834676811259	16.46
455	4	13.554592520458495	5.974495510445273	16.46
456	4	16.469558653890427	7.489156344079285	16.46
457	4	19.384524787322363	9.003817177713298	16.46
458	4	22.299490920754298	10.518478011347312	16.46
459	4	25.21445705418623	12.033138844981323	16.46
460	4	28.12942318761816	13.547799678615336	16.46
461	4	31.044389321050094	15.062460512249347	16.46
462	4	33.95935545448203	16.577121345883363	16.46
463	4	36.87432158791397	18.091782179517374	16.46
464	4	39.7892877213459	19.606443013151388	16.46
465	4	42.70425385477784	21.1211038467854	16.46
466	4	45.619219988209764	22.635764680419417	16.46
467	4	48.5341861216417	24.150425514053428	16.46
468	4	51.449152255073635	25.665086347687442	16.46
469	4	10.493878080354962	1.1780695372708991	16.46
470	4	13.408844213786898	2.692730370904912	16.46
471	4	16.32381034721883	4.207391204538925	16.46
472	4	19.238776480650767	5.722052038172938	16.46
473	4	22.153742614082702	7.23671287180695	16.46
474	4	25.068708747514634	8.751373705440963	16.46
475	4	27.98367488094656	10.266034539074976	16.46
476	4	30.898641014378498	11.780695372708989	16.46
477	4	33.81360714781043	13.295356206343001	16.46
478	4	36.72857328124237	14.810017039977014	16.46
479	4	39.6435394146743	16.324677873611027	16.46
480	4	42.55850554810624	17.839338707245037	16.46
481	4	45.473471681538165	19.353999540879055	16.46
482	4	48.3884378149701	20.868660374513066	16.46
483	4	16.178062040547236	0.9256260649985639	16.46
484	4	19.09302817397917	2.4402868986325768	16.46
485	4	22.007994307411103	3.9549477322665894	16.46
486	4	24.92296044084304	5.469608565900602	16.46
487	4	27.837926574274963	6.9842693995346155	16.46
488	4	30.752892707706902	8.498930233168627	16.46
489	4	33.66785884113884	10.01359106680264	16.46
490	4	36.58282497457077	11.528251900436654	16.46
491	4	39.4977911080027	13.042912734070665	16.46
492	4	42.41275724143464	14.557573567704678	16.46
493	4	45.32772337486657	16.072234401338694	16.46
494	4	21.862246000739507	0.6731825927262286	16.46
495	4	24.77721213417144	2.1878434263602418	16.46
496	4	27.692178267603367	3.7025042599942544	16.46
497	4	30.607144401035306	5.217165093628267	16.46
498	4	33.52211053446724	6.731825927262279	16.46
499	4	36.43707666789918	8.246486760896293	16.46
500	4	39.35204280133111	9.761147594530305	16.46
501	4	42.26700893476305	11.27580842816432	16.46
502	4	27.54642996093177	0.4207391204538937	16.46
503	4	30.461396094363707	1.935399954087906	16.46
504	4	33.37636222779564	3.4500607877219194	16.46
505	4	36.29132836122758	4.964721621355932	16.46
506	4	39.20629449465951	6.479382454989945	16.46
507	4	33.230613921124046	0.16829564818155826	16.46
508	4	36.14558005455598	1.6829564818155713	16.46
509	5	19.38452478732236	30.37736449677103	18.119314617545452
510	5	22.299490920754295	31.892025330405044	18.119314617545452
511	5	16.323810347218828	25.58093852359666	18.119314617545452
512	5	19.238776480650763	27.09559935723067	18.119314617545452
513	5	22.1537426140827	28.610260190864683	18.119314617545452
514	5	25.06870874751463	30.1249210244987	18.119314617545452
515	5	27.98367488094656	31.639581858132708	18.119314617545452
516	5	13.263095907115298	20.78451255042229	18.119314617545452
517	5	16.178062040547232	22.2991733840563	18.119314617545452
518	5	19.093028173979167	23.81383421769031	18.119314617545452
519	5	22.007994307411103	25.328495051324325	18.119314617545452
520	5	24.922960440843035	26.84315588495834	18.119314617545452
521	5	27.837926574274963	28.357816718592346	18.119314617545452
522	5	30.752892707706902	29.872477552226364	18.119314617545452
523	5	33.66785884113884	31.38713838586037	18.119314617545452
524	5	10.202381467011767	15.98808657724791	18.119314617545452
525	5	13.117347600443702	17.502747410881927	18.119314617545452
526	5	16.032313733875633	19.017408244515938	18.119314617545452
527	5	18.947279867307568	20.532069078149952	18.119314617545452
528	5	21.862246000739503	22.046729911783963	18.119314617545452
529	5	24.77721213417144	23.561390745417974	18.119314617545452
530	5	27.69217826760337	25.076051579051992	18.119314617545452
531	5	30.607144401035306	26.590712412686003	18.119314617545452
532	5	33.52211053446724	28.10537324632001	18.119314617545452
533	5	36.43707666789918	29.620034079954028	18.119314617545452
534	5	39.3520428013311	31.13469491358804	18.119314617545452
535	5	7.141667026908237	11.191660604073538	18.119314617545452
536	5	10.056633160340171	12.706321437707553	18.119314617545452
537	5	12.971599293772107	14.220982271341564	18.119314617545452
538	5	15.886565427204037	15.735643104975576	18.119314617545452
539	5	18.801531560635972	17.25030393860959	18.119314617545452
540	5	21.716497694067908	18.7649647722436	18.119314617545452
541	5	24.63146382749984	20.279625605877616	18.119314617545452
542	5	27.546429960931775	21.79428643951163	18.119314617545452
543	5	30.461396094363707	23.30894727314564	18.119314617545452
544	5	33.376362227795646	24.823608106779655	18.119314617545452
545	5	36.29132836122758	26.338268940413666	18.119314617545452
546	5	39.2062944946595	27.85292977404768	18.119314617545452
547	5	42.12126062809144	29.36759060768169	18.119314617545452
548	5	45.03622676152337	30.882251441315702	18.119314617545452
549	5	4.080952586804708	6.395234630899165	18.119314617545452
550	5	6.99591872023664	7.909895464533177	18.119314617545452
551	5	9.910884853668573	9.424556298167191	18.119314617545452
552	5	12.825850987100509	10.939217131801204	18.119314617545452
553	5	15.740817120532443	12.453877965435215	18.119314617545452
554	5	18.655783253964376	13.968538799069227	18.119314617545452
555	5	21.57074938739631	15.48319963270324	18.119314617545452
556	5	24.485715520828244	16.997860466337254	18.119314617545452
557	5	27.40068165426018	18.51252129997127	18.119314617545452
558	5	30.31564778769211	20.02718213360528	18.119314617545452
559	5	33.230613921124046	21.541842967239294	18.119314617545452
560	5	36.14558005455598	23.056503800873305	18.119314617545452
561	5	39.06054618798792	24.57116463450732	18.119314617545452
562	5	41.97551232141985	26.08582546814133	18.119314617545452
563	5	44.89047845485178	27.600486301775344	18.119314617545452
564	5	47.80544458828372	29.115147135409355	18.119314617545452
565	5	50.72041072171565	30.629807969043366	18.119314617545452
566	5	1.020238146701177	1.5988086577247913	18.119314617545452
567	5	3.9352042801331115	3.1134694913588037	18.119314617545452
568	5	6.850170413565045	4.628130324992817	18.119314617545452
569	5	9.76513654699698	6.14279115862683	18.119314617545452
570	5	12.680102680428913	7.6574519922608415	18.119314617545452
571	5	15.595068813860847	9.172112825894855	18.119314617545452
572	5	18.51003494729278	10.686773659528868	18.119314617545452
573	5	21.425001080724716	12.20143449316288	18.119314617545452
574	5	24.339967214156648	13.716095326796891	18.119314617545452
575	5	27.254933347588583	15.230756160430907	18.119314617545452
576	5	30.169899481020515	16.745416994064918	18.119314617545452
577	5	33.084865614452454	18.260077827698932	18.119314617545452
578	5	35.999831747884386	19.774738661332943	18.119314617545452
579	5	38.91479788131632	21.289399494966958	18.119314617545452
580	5	41.82976401474825	22.80406032860097	18.119314617545452
581	5	44.74473014818019	24.318721162234983	18.119314617545452
582	5	47.65969628161212	25.833381995868997	18.119314617545452
583	5	50.57466241504405	27.348042829503008	18.119314617545452
584	5	53.48962854847598	28.862703663137026	18.119314617545452
585	5	6.704422106893448	1.346365185452456	18.119314617545452
586	5	9.619388240325382	2.861026019086469	18.119314617545452
587	5	12.534354373757317	4.375686852720482	18.119314617545452
588	5	15.449320507189249	5.890347686354494	18.119314617545452
589	5	18.364286640621184	7.405008519988507	18.119314617545452
590	5	21.27925277405312	8.919669353622519	18.119314617545452
591	5	24.19421890748505	10.434330187256533	18.119314617545452
592	5	27.109185040916984	11.948991020890546	18.119314617545452
593	5	30.024151174348916	13.463651854524558	18.119314617545452
594	5	32.939117307780855	14.97831268815857	18.119314617545452
595	5	35.85408344121279	16.49297352179258	18.119314617545452
596	5	38.76904957464472	18.007634355426596	18.119314617545452
597	5	41.68401570807665	19.522295189060607	18.119314617545452
598	5	44.59898184150859	21.036956022694625	18.119314617545452
599	5	47.51394797494052	22.551616856328636	18.119314617545452
600	5	50.42891410837246	24.066277689962646	18.119314617545452
601	5	12.38860606708572	1.0939217131801209	18.119314617545452
602	5	15.303572200517653	2.6085825468141337	18.119314617545452
603	5	18.21853833394959	4.123243380448146	18.119314617545452
604	5	21.133504467381524	5.63790421408216	18.119314617545452
605	5	24.048470600813456	7.152565047716172	18.119314617545452
606	5	26.963436734245388	8.667225881350184	18.119314617545452
607	5	29.87840286767732	10.181886714984197	18.119314617545452
608	5	32.793369001109255	11.696547548618211	18.119314617545452
609	5	35.708335134541194	13.211208382252222	18.119314617545452
610	5	38.623301267973126	14.725869215886235	18.119314617545452
611	5	41.53826740140506	16.240530049520245	18.119314617545452
612	5	44.453233534837	17.755190883154263	18.119314617545452
613	5	47.36819966826893	19.269851716788274	18.119314617545452
614	5	18.07279002727799	0.8414782409077857	18.119314617545452
615	5	20.987756160709925	2.3561390745417983	18.119314617545452
616	5	23.90272229414186	3.870799908175811	18.119314617545452
617	5	26.817688427573792	5.385460741809824	18.119314617545452
618	5	29.732654561005724	6.900121575443836	18.119314617545452
619	5	32.64762069443766	8.41478240907785	18.119314617545452
620	5	35.562586827869595	9.929443242711862	18.119314617545452
621	5	38.47755296130153	11.444104076345877	18.119314617545452
622	5	41.39251909473346	12.958764909979887	18.119314617545452
623	5	44.3074852281654	14.4734257436139	18.119314617545452
624	5	23.75697398747026	0.5890347686354503	18.119314617545452
625	5	26.671940120902192	2.1036956022694633	18.119314617545452
626	5	29.586906254334128	3.618356435903476	18.119314617545452
627	5	32.50187238776606	5.133017269537489	18.119314617545452
628	5	35.416838521197995	6.647678103171501	18.119314617545452
629	5	38.33180465462993	8.162338936805515	18.119314617545452
630	5	41.24677078806186	9.676999770439528	18.119314617545452
631	5	29.44115794766253	0.33659129636311524	18.119314617545452
632	5	32.35612408109447	1.8512521299971278	18.119314617545452
633	5	35.2710902145264	3.3659129636311405	18.119314617545452
634	5	38.186056347958335	4.8805737972651535	18.119314617545452
635	5	35.1253419078548	0.08414782409077977	18.119314617545452
636	6	19.38452478732236	30.37736449677103	14.800685382454553
637	6	22.299490920754295	31.892025330405044	14.800685382454553
638	6	16.323810347218828	25.58093852359666	14.800685382454553
639	6	19.238776480650763	27.09559935723067	14.800685382454553
640	6	22.1537426140827	28.610260190864683	14.800685382454553
641	6	25.06870874751463	30.1249210244987	14.800685382454553
642	6	27.98367488094656	31.639581858132708	14.800685382454553
643	6	13.263095907115298	20.78451255042229	14.800685382454553
644	6	16.178062040547232	22.2991733840563	14.800685382454553
645	6	19.093028173979167	23.81383421769031	14.800685382454553
646	6	22.007994307411103	25.328495051324325	14.800685382454553
647	6	24.922960440843035	26.84315588495834	14.800685382454553
648	6	27.837926574274963	28.357816718592346	14.800685382454553
649	6	30.752892707706902	29.872477552226364	14.800685382454553
650	6	33.66785884113884	31.38713838586037	14.800685382454553
651	6	10.202381467011767	15.98808657724791	14.800685382454553
652	6	13.117347600443702	17.502747410881927	14.800685382454553
653	6	16.032313733875633	19.017408244515938	14.800685382454553
654	6	18.947279867307568	20.532069078149952	14.800685382454553
655	6	21.862246000739503	22.046729911783963	14.800685382454553
656	6	24.77721213417144	23.561390745417974	14.800685382454553
657	6	27.69217826760337	25.076051579051992	14.800685382454553
658	6	30.607144401035306	26.590712412686003	14.800685382454553
659	6	33.52211053446724	28.10537324632001	14.800685382454553
660	6	36.43707666789918	29.620034079954028	14.800685382454553
661	6	39.3520428013311	31.13469491358804	14.800685382454553
662	6	7.141667026908237	11.191660604073538	14.800685382454553
663	6	10.056633160340171	12.706321437707553	14.800685382454553
664	6	12.971599293772107	14.220982271341564	14.800685382454553
665	6	15.886565427204037	15.735643104975576	14.800685382454553
666	6	18.801531560635972	17.25030393860959	14.800685382454553
667	6	21.716497694067908	18.7649647722436	14.800685382454553
668	6	24.63146382749984	20.279625605877616	14.800685382454553
669	6	27.546429960931775	21.79428643951163	14.800685382454553
670	6	30.461396094363707	23.30894727314564	14.800685382454553
671	6	33.376362227795646	24.823608106779655	14.800685382454553
672	6	36.29132836122758	26.338268940413666	14.800685382454553
673	6	39.2062944946595	27.85292977404768	14.800685382454553
674	6	42.12126062809144	29.36759060768169	14.800685382454553
675	6	45.03622676152337	30.882251441315702	14.800685382454553
676	6	4.080952586804708	6.395234630899165	14.800685382454553
677	6	6.99591872023664	7.909895464533177	14.800685382454553
678	6	9.910884853668573	9.424556298167191	14.800685382454553
679	6	12.825850987100509	10.939217131801204	14.800685382454553
680	6	15.740817120532443	12.453877965435215	14.800685382454553
681	6	18.655783253964376	13.968538799069227	14.800685382454553
682	6	21.57074938739631	15.48319963270324	14.800685382454553
683	6	24.485715520828244	16.997860466337254	14.800685382454553
684	6	27.40068165426018	18.51252129997127	14.800685382454553
685	6	30.31564778769211	20.02718213360528	14.800685382454553
686	6	33.230613921124046	21.541842967239294	14.800685382454553
687	6	36.14558005455598	23.056503800873305	14.800685382454553
688	6	39.06054618798792	24.57116463450732	14.800685382454553
689	6	41.97551232141985	26.08582546814133	14.800685382454553
690	6	44.89047845485178	27.600486301775344	14.800685382454553
691	6	47.80544458828372	29.115147135409355	14.800685382454553
692	6	50.72041072171565	30.629807969043366	14.800685382454553
693	6	1.020238146701177	1.5988086577247913	14.800685382454553
694	6	3.9352042801331115	3.1134694913588037	14.800685382454553
695	6	6.850170413565045	4.628130324992817	14.800685382454553
696	6	9.76513654699698	6.14279115862683	14.800685382454553
697	6	12.680102680428913	7.6574519922608415	14.800685382454553
698	6	15.595068813860847	9.172112825894855	14.800685382454553
699	6	18.51003494729278	10.686773659528868	14.800685382454553
700	6	21.425001080724716	12.20143449316288	14.800685382454553
701	6	24.339967214156648	13.716095326796891	14.800685382454553
702	6	27.254933347588583	15.230756160430907	14.800685382454553
703	6	30.169899481020515	16.745416994064918	14.800685382454553
704	6	33.084865614452454	18.260077827698932	14.800685382454553
705	6	35.999831747884386	19.774738661332943	14.800685382454553
706	6	38.91479788131632	21.289399494966958	14.800685382454553
707	6	41.82976401474825	22.80406032860097	14.800685382454553
708	6	44.74473014818019	24.318721162234983	14.800685382454553
709	6	47.65969628161212	25.833381995868997	14.800685382454553
710	6	50.57466241504405	27.348042829503008	14.800685382454553
711	6	53.48962854847598	28.862703663137026	14.800685382454553
712	6	6.704422106893448	1.346365185452456	14.800685382454553
713	6	9.619388240325382	2.861026019086469	14.800685382454553
714	6	12.534354373757317	4.375686852720482	14.800685382454553
715	6	15.449320507189249	5.890347686354494	14.800685382454553
716	6	18.364286640621184	7.405008519988507	14.800685382454553
717	6	21.27925277405312	8.919669353622519	14.800685382454553
718	6	24.19421890748505	10.434330187256533	14.800685382454553
719	6	27.109185040916984	11.948991020890546	14.800685382454553
720	6	30.024151174348916	13.463651854524558	14.800685382454553
721	6	32.939117307780855	14.97831268815857	14.800685382454553
722	6	35.85408344121279	16.49297352179258	14.800685382454553
723	6	38.76904957464472	18.007634355426596	14.800685382454553
724	6	41.68401570807665	19.522295189060607	14.800685382454553
725	6	44.59898184150859	21.036956022694625	14.800685382454553
726	6	47.51394797494052	22.551616856328636	14.800685382454553
727	6	50.42891410837246	24.066277689962646	14.800685382454553
728	6	12.38860606708572	1.0939217131801209	14.800685382454553
729	6	15.303572200517653	2.6085825468141337	14.800685382454553
730	6	18.21853833394959	4.123243380448146	14.800685382454553
731	6	21.133504467381524	5.63790421408216	14.800685382454553
732	6	24.048470600813456	7.152565047716172	14.800685382454553
733	6	26.963436734245388	8.667225881350184	14.800685382454553
734	6	29.87840286767732	10.181886714984197	14.800685382454553
735	6	32.793369001109255	11.696547548618211	14.800685382454553
736	6	35.708335134541194	13.211208382252222	14.800685382454553
737	6	38.623301267973126	14.725869215886235	14.800685382454553
738	6	41.53826740140506	16.240530049520245	14.800685382454553
739	6	44.453233534837	17.755190883154263	14.800685382454553
740	6	47.36819966826893	19.269851716788274	14.800685382454553
741	6	18.07279002727799	0.8414782409077857	14.800685382454553
742	6	20.987756160709925	2.3561390745417983	14.800685382454553
743	6	23.90272229414186	3.870799908175811	14.800685382454553
744	6	26.817688427573792	5.385460741809824	14.800685382454553
745	6	29.732654561005724	6.900121575443836	14.800685382454553
746	6	32.64762069443766	8.41478240907785	14.800685382454553
747	6	35.562586827869595	9.929443242711862	14.800685382454553
748	6	38.47755296130153	11.444104076345877	14.800685382454553
749	6	41.39251909473346	12.958764909979887	14.800685382454553
750	6	44.3074852281654	14.4734257436139	14.800685382454553
751	6	23.75697398747026	0.5890347686354503	14.800685382454553
752	6	26.671940120902192	2.1036956022694633	14.800685382454553
753	6	29.586906254334128	3.618356435903476	14.800685382454553
754	6	32.50187238776606	5.133017269537489	14.800685382454553
755	6	35.416838521197995	6.647678103171501	14.800685382454553
756	6	38.33180465462993	8.162338936805515	14.800685382454553
757	6	41.24677078806186	9.676999770439528	14.800685382454553
758	6	29.44115794766253	0.33659129636311524	14.800685382454553
759	6	32.35612408109447	1.8512521299971278	14.800685382454553
760	6	35.2710902145264	3.3659129636311405	14.800685382454553
761	6	38.186056347958335	4.8805737972651535	14.800685382454553
762	6	35.1253419078548	0.08414782409077977	14.800685382454553