1	1	26.14098958768808	45.16231214604034	10.
2	1	23.447070813384347	40.15067801758944	10.
3	1	26.240764357106734	41.87882771705527	10.
4	1	29.034457900829132	43.606977416521104	10.
5	1	31.82815144455152	45.33512711598692	10.
6	1	20.753152039080618	35.13904388913854	10.
7	1	23.546845582803005	36.867193588604366	10.
8	1	26.34053912652539	38.59534328807019	10.
9	1	29.134232670247783	40.32349298753603	10.
10	1	31.927926213970174	42.05164268700185	10.
11	1	34.721619757692565	43.77979238646768	10.
12	1	37.51531330141495	45.50794208593351	10.
13	1	18.059233264776882	30.12740976068763	10.
14	1	20.852926808499273	31.85555946015346	10.
15	1	23.64662035222166	33.58370915961928	10.
16	1	26.440313895944048	35.31185885908512	10.
17	1	29.234007439666442	37.04000855855095	10.
18	1	32.02770098338883	38.768158258016776	10.
19	1	34.821394527111224	40.49630795748261	10.
20	1	37.61508807083361	42.22445765694844	10.
21	1	40.408781614556005	43.95260735641426	10.
22	1	43.20247515827839	45.68075705588009	10.
23	1	15.36531449047315	25.115775632236723	10.
24	1	18.159008034195537	26.843925331702554	10.
25	1	20.952701577917928	28.57207503116838	10.
26	1	23.746395121640315	30.300224730634213	10.
27	1	26.5400886653627	32.028374430100044	10.
28	1	29.333782209085097	33.75652412956587	10.
29	1	32.12747575280749	35.4846738290317	10.
30	1	34.92116929652988	37.21282352849753	10.
31	1	37.714862840252266	38.94097322796336	10.
32	1	40.50855638397466	40.669122927429186	10.
33	1	43.30224992769704	42.39727262689502	10.
34	1	46.09594347141944	44.12542232636085	10.
35	1	48.88963701514183	45.85357202582667	10.
36	1	12.671395716169412	20.10414150378582	10.
37	1	15.465089259891805	21.832291203251646	10.
38	1	18.258782803614196	23.560440902717477	10.
39	1	21.052476347336587	25.2885906021833	10.
40	1	23.846169891058974	27.016740301649133	10.
41	1	26.639863434781358	28.74489000111496	10.
42	1	29.433556978503756	30.4730397005808	10.
43	1	32.22725052222614	32.20118940004662	10.
44	1	35.020944065948534	33.929339099512454	10.
45	1	37.814637609670925	35.657488798978285	10.
46	1	40.608331153393316	37.38563849844411	10.
47	1	43.4020246971157	39.11378819790994	10.
48	1	46.19571824083809	40.84193789737577	10.
49	1	48.98941178456048	42.570087596841596	10.
50	1	51.783105328282865	44.29823729630743	10.
51	1	54.57679887200527	46.02638699577326	10.
52	1	9.977476941865682	15.092507375334913	10.
53	1	12.77117048558807	16.82065707480074	10.
54	1	15.564864029310462	18.54880677426657	10.
55	1	18.35855757303285	20.2769564737324	10.
56	1	21.15225111675524	22.00510617319823	10.
57	1	23.94594466047763	23.73325587266406	10.
58	1	26.739638204200013	25.461405572129888	10.
59	1	29.533331747922407	27.18955527159572	10.
60	1	32.3270252916448	28.917704971061543	10.
61	1	35.12071883536719	30.645854670527378	10.
62	1	37.914412379089576	32.37400436999321	10.
63	1	40.70810592281197	34.10215406945903	10.
64	1	43.50179946653436	35.830303768924864	10.
65	1	46.29549301025675	37.558453468390695	10.
66	1	49.08918655397914	39.28660316785652	10.
67	1	51.882880097701516	41.01475286732236	10.
68	1	54.67657364142393	42.74290256678818	10.
69	1	57.47026718514631	44.471052266254006	10.
70	1	60.2639607288687	46.19920196571984	10.
71	1	7.283558167561946	10.080873246884007	10.
72	1	10.077251711284337	11.809022946349835	10.
73	1	12.870945255006726	13.537172645815662	10.
74	1	15.664638798729117	15.265322345281495	10.
75	1	18.458332342451506	16.99347204474732	10.
76	1	21.252025886173897	18.721621744213152	10.
77	1	24.045719429896284	20.449771443678983	10.
78	1	26.83941297361867	22.17792114314481	10.
79	1	29.633106517341066	23.90607084261064	10.
80	1	32.42680006106345	25.63422054207647	10.
81	1	35.220493604785844	27.362370241542298	10.
82	1	38.014187148508235	29.09051994100813	10.
83	1	40.807880692230626	30.818669640473956	10.
84	1	43.60157423595301	32.54681933993979	10.
85	1	46.3952677796754	34.27496903940562	10.
86	1	49.1889613233978	36.00311873887144	10.
87	1	51.982654867120175	37.731268438337274	10.
88	1	54.77634841084259	39.4594181378031	10.
89	1	57.57004195456497	41.187567837268936	10.
90	1	60.36373549828736	42.91571753673476	10.
91	1	63.157429042009746	44.64386723620059	10.
92	1	65.95112258573214	46.372016935666416	10.
93	1	4.589639393258213	5.0692391184331	10.
94	1	7.383332936980602	6.79738881789893	10.
95	1	10.177026480702992	8.525538517364758	10.
96	1	12.97072002442538	10.25368821683059	10.
97	1	15.764413568147772	11.981837916296417	10.
98	1	18.55810711187016	13.709987615762246	10.
99	1	21.351800655592555	15.438137315228076	10.
100	1	24.14549419931494	17.166287014693904	10.
101	1	26.939187743037323	18.894436714159735	10.
102	1	29.732881286759724	20.622586413625562	10.
103	1	32.52657483048211	22.350736113091394	10.
104	1	35.3202683742045	24.07888581255722	10.
105	1	38.113961917926886	25.80703551202305	10.
106	1	40.907655461649284	27.53518521148888	10.
107	1	43.70134900537167	29.263334910954708	10.
108	1	46.49504254909406	30.991484610420542	10.
109	1	49.28873609281646	32.71963430988637	10.
110	1	52.082429636538826	34.4477840093522	10.
111	1	54.87612318026123	36.17593370881803	10.
112	1	57.669816723983615	37.90408340828385	10.
113	1	60.46351026770601	39.632233107749684	10.
114	1	63.257203811428404	41.36038280721552	10.
115	1	66.0508973551508	43.08853250668135	10.
116	1	68.84459089887318	44.81668220614717	10.
117	1	71.63828444259556	46.544831905612995	10.
118	1	1.895720618954479	0.057604989982193947	10.
119	1	4.689414162676869	1.7857546894480232	10.
120	1	7.483107706399259	3.5139043889138524	10.
121	1	10.27680125012165	5.242054088379682	10.
122	1	13.070494793844038	6.970203787845511	10.
123	1	15.864188337566429	8.69835348731134	10.
124	1	18.65788188128882	10.42650318677717	10.
125	1	21.45157542501121	12.154652886243	10.
126	1	24.245268968733594	13.882802585708829	10.
127	1	27.03896251245598	15.610952285174658	10.
128	1	29.832656056178376	17.339101984640486	10.
129	1	32.62634959990076	19.067251684106317	10.
130	1	35.42004314362316	20.79540138357215	10.
131	1	38.213736687345545	22.523551083037972	10.
132	1	41.00743023106794	24.251700782503807	10.
133	1	43.80112377479032	25.97985048196963	10.
134	1	46.59481731851271	27.708000181435466	10.
135	1	49.388510862235115	29.436149880901286	10.
136	1	52.182204405957485	31.164299580367125	10.
137	1	54.97589794967989	32.89244927983295	10.
138	1	57.769591493402274	34.62059897929878	10.
139	1	60.56328503712467	36.348748678764615	10.
140	1	63.356978580847056	38.07689837823043	10.
141	1	66.15067212456944	39.80504807769626	10.
142	1	68.94436566829184	41.5331977771621	10.
143	1	71.73805921201422	43.261347476627925	10.
144	1	74.5317527557366	44.98949717609376	10.
145	1	77.325446299459	46.71764687555958	10.
146	1	7.5828824758179145	0.23041995992877573	10.
147	1	10.376576019540305	1.958569659394605	10.
148	1	13.170269563262694	3.6867193588604343	10.
149	1	15.963963106985084	5.414869058326264	10.
150	1	18.757656650707474	7.143018757792093	10.
151	1	21.551350194429865	8.871168457257921	10.
152	1	24.345043738152253	10.59931815672375	10.
153	1	27.13873728187464	12.32746785618958	10.
154	1	29.932430825597034	14.05561755565541	10.
155	1	32.72612436931942	15.78376725512124	10.
156	1	35.51981791304181	17.51191695458707	10.
157	1	38.313511456764196	19.240066654052896	10.
158	1	41.1072050004866	20.968216353518727	10.
159	1	43.90089854420898	22.696366052984555	10.
160	1	46.69459208793137	24.424515752450386	10.
161	1	49.48828563165377	26.152665451916214	10.
162	1	52.28197917537614	27.880815151382045	10.
163	1	55.07567271909855	29.60896485084787	10.
164	1	57.86936626282093	31.337114550313704	10.
165	1	60.66305980654333	33.06526424977953	10.
166	1	63.456753350265714	34.79341394924536	10.
167	1	66.2504468939881	36.521563648711194	10.
168	1	69.0441404377105	38.24971334817702	10.
169	1	71.83783398143288	39.97786304764284	10.
170	1	74.63152752515526	41.70601274710868	10.
171	1	77.42522106887766	43.43416244657451	10.
172	1	13.27004433268135	0.4032349298753576	10.
173	1	16.06373787640374	2.131384629341187	10.
174	1	18.857431420126133	3.859534328807016	10.
175	1	21.65112496384852	5.587684028272846	10.
176	1	24.44481850757091	7.315833727738674	10.
177	1	27.238512051293295	9.043983427204504	10.
178	1	30.03220559501569	10.772133126670333	10.
179	1	32.82589913873808	12.500282826136162	10.
180	1	35.61959268246047	14.228432525601992	10.
181	1	38.413286226182855	15.956582225067821	10.
182	1	41.20697976990525	17.684731924533647	10.
183	1	44.00067331362764	19.412881623999482	10.
184	1	46.79436685735003	21.14103132346531	10.
185	1	49.588060401072426	22.869181022931137	10.
186	1	52.381753944794795	24.59733072239697	10.
187	1	55.17544748851721	26.325480421862796	10.
188	1	57.96914103223959	28.053630121328624	10.
189	1	60.76283457596199	29.781779820794455	10.
190	1	63.55652811968437	31.50992952026029	10.
191	1	66.35022166340676	33.23807921972611	10.
192	1	69.14391520712915	34.96622891919194	10.
193	1	71.93760875085154	36.69437861865777	10.
194	1	74.73130229457392	38.422528318123604	10.
195	1	18.957206189544788	0.5760498998219394	10.
196	1	21.750899733267175	2.304199599287769	10.
197	1	24.544593276989566	4.032349298753598	10.
198	1	27.338286820711954	5.760498998219427	10.
199	1	30.131980364434348	7.488648697685257	10.
200	1	32.92567390815674	9.216798397151084	10.
201	1	35.71936745187912	10.944948096616915	10.
202	1	38.51306099560151	12.673097796082743	10.
203	1	41.30675453932391	14.401247495548574	10.
204	1	44.100448083046295	16.129397195014405	10.
205	1	46.89414162676868	17.85754689448023	10.
206	1	49.68783517049108	19.58569659394606	10.
207	1	52.481528714213454	21.313846293411892	10.
208	1	55.27522225793586	23.04199599287772	10.
209	1	58.06891580165825	24.770145692343547	10.
210	1	60.86260934538065	26.498295391809375	10.
211	1	63.65630288910303	28.226445091275206	10.
212	1	66.44999643282542	29.954594790741034	10.
213	1	69.24368997654781	31.68274449020687	10.
214	1	72.0373835202702	33.410894189672696	10.
215	1	24.64436804640822	0.7488648697685212	10.
216	1	27.438061590130605	2.4770145692343504	10.
217	1	30.231755133853	4.205164268700179	10.
218	1	33.0254486775754	5.933313968166009	10.
219	1	35.81914222129778	7.661463667631838	10.
220	1	38.612835765020165	9.389613367097667	10.
221	1	41.40652930874256	11.117763066563498	10.
222	1	44.200222852464954	12.845912766029327	10.
223	1	46.99391639618734	14.574062465495155	10.
224	1	49.787609939909736	16.302212164960984	10.
225	1	52.581303483632105	18.030361864426812	10.
226	1	55.37499702735452	19.758511563892643	10.
227	1	58.1686905710769	21.486661263358474	10.
228	1	60.96238411479929	23.214810962824302	10.
229	1	63.75607765852169	24.942960662290133	10.
230	1	66.54977120224407	26.67111036175596	10.
231	1	69.34346474596647	28.399260061221792	10.
232	1	30.331529903271658	0.9216798397151029	10.
233	1	33.12522344699405	2.6498295391809323	10.
234	1	35.91891699071644	4.377979238646762	10.
235	1	38.712610534438824	6.106128938112591	10.
236	1	41.50630407816122	7.83427863757842	10.
237	1	44.299997621883605	9.562428337044249	10.
238	1	47.093691165605996	11.290578036510079	10.
239	1	49.887384709328394	13.018727735975908	10.
240	1	52.681078253050764	14.746877435441737	10.
241	1	55.474771796773176	16.475027134907567	10.
242	1	58.26846534049556	18.203176834373394	10.
243	1	61.06215888421795	19.931326533839226	10.
244	1	63.855852427940334	21.659476233305057	10.
245	1	66.64954597166272	23.38762593277088	10.
246	1	36.0186917601351	1.0944948096616849	10.
247	1	38.81238530385748	2.822644509127514	10.
248	1	41.60607884757987	4.550794208593343	10.
249	1	44.399772391302264	6.278943908059173	10.
250	1	47.193465935024655	8.007093607525002	10.
251	1	49.987159478747046	9.735243306990832	10.
252	1	52.78085302246942	11.463393006456661	10.
253	1	55.574546566191835	13.191542705922492	10.
254	1	58.36824010991422	14.919692405388318	10.
255	1	61.16193365363661	16.64784210485415	10.
256	1	63.95562719735899	18.375991804319977	10.
257	1	41.70585361699853	1.2673097796082666	10.
258	1	44.499547160720915	2.9954594790740963	10.
259	1	47.293240704443306	4.723609178539926	10.
260	1	50.086934248165704	6.451758878005755	10.
261	1	52.880627791888074	8.179908577471583	10.
262	1	55.67432133561049	9.908058276937412	10.
263	1	58.46801487933288	11.636207976403243	10.
264	1	61.26170842305527	13.364357675869071	10.
265	1	47.393015473861965	1.4401247495548486	10.
266	1	50.186709017584356	3.168274449020678	10.
267	1	52.98040256130673	4.896424148486507	10.
268	1	55.77409610502914	6.624573847952337	10.
269	1	58.56778964875152	8.352723547418165	10.
270	1	53.08017733072539	1.6129397195014301	10.
271	1	55.873870874447796	3.341089418967259	10.
272	2	25.243016662920166	43.49176743655671	11.65931461754545
273	2	28.036710206642564	45.21991713602254	11.65931461754545
274	2	22.549097888616437	38.480133308105806	11.65931461754545
275	2	25.34279143233882	40.20828300757164	11.65931461754545
276	2	28.136484976061215	41.93643270703747	11.65931461754545
277	2	30.93017851978361	43.66458240650329	11.65931461754545
278	2	33.723872063506	45.39273210596912	11.65931461754545
279	2	19.855179114312705	33.4684991796549	11.65931461754545
280	2	22.648872658035092	35.19664887912073	11.65931461754545
281	2	25.44256620175748	36.924798578586554	11.65931461754545
282	2	28.236259745479874	38.652948278052385	11.65931461754545
283	2	31.029953289202265	40.38109797751822	11.65931461754545
284	2	33.82364683292465	42.10924767698405	11.65931461754545
285	2	36.61734037664704	43.83739737644987	11.65931461754545
286	2	39.411033920369434	45.5655470759157	11.65931461754545
287	2	17.16126034000897	28.45686505120399	11.65931461754545
288	2	19.954953883731363	30.185014750669826	11.65931461754545
289	2	22.748647427453747	31.913164450135653	11.65931461754545
290	2	25.542340971176134	33.64131414960148	11.65931461754545
291	2	28.336034514898532	35.369463849067316	11.65931461754545
292	2	31.129728058620923	37.09761354853314	11.65931461754545
293	2	33.92342160234331	38.825763247998964	11.65931461754545
294	2	36.717115146065694	40.5539129474648	11.65931461754545
295	2	39.51080868978809	42.28206264693063	11.65931461754545
296	2	42.304502233510476	44.01021234639646	11.65931461754545
297	2	45.09819577723287	45.73836204586228	11.65931461754545
298	2	14.467341565705237	23.44523092275309	11.65931461754545
299	2	17.261035109427628	25.173380622218918	11.65931461754545
300	2	20.05472865315002	26.901530321684746	11.65931461754545
301	2	22.848422196872402	28.629680021150577	11.65931461754545
302	2	25.64211574059479	30.357829720616405	11.65931461754545
303	2	28.435809284317184	32.08597942008223	11.65931461754545
304	2	31.229502828039575	33.81412911954806	11.65931461754545
305	2	34.02319637176197	35.542278819013895	11.65931461754545
306	2	36.81688991548435	37.270428518479726	11.65931461754545
307	2	39.61058345920675	38.99857821794555	11.65931461754545
308	2	42.404277002929135	40.72672791741138	11.65931461754545
309	2	45.19797054665152	42.45487761687721	11.65931461754545
310	2	47.99166409037392	44.18302731634304	11.65931461754545
311	2	50.7853576340963	45.91117701580887	11.65931461754545
312	2	11.773422791401503	18.433596794302183	11.65931461754545
313	2	14.567116335123892	20.161746493768014	11.65931461754545
314	2	17.360809878846283	21.88989619323384	11.65931461754545
315	2	20.154503422568673	23.61804589269967	11.65931461754545
316	2	22.94819696629106	25.3461955921655	11.65931461754545
317	2	25.741890510013445	27.074345291631325	11.65931461754545
318	2	28.535584053735843	28.802494991097156	11.65931461754545
319	2	31.329277597458233	30.53064469056299	11.65931461754545
320	2	34.12297114118062	32.25879439002881	11.65931461754545
321	2	36.916664684903004	33.98694408949464	11.65931461754545
322	2	39.71035822862541	35.71509378896048	11.65931461754545
323	2	42.50405177234779	37.443243488426305	11.65931461754545
324	2	45.29774531607018	39.17139318789213	11.65931461754545
325	2	48.09143885979257	40.89954288735797	11.65931461754545
326	2	50.88513240351495	42.62769258682379	11.65931461754545
327	2	53.67882594723735	44.35584228628962	11.65931461754545
328	2	56.47251949095975	46.08399198575545	11.65931461754545
329	2	9.079504017097769	13.421962665851277	11.65931461754545
330	2	11.873197560820158	15.150112365317106	11.65931461754545
331	2	14.666891104542549	16.878262064782934	11.65931461754545
332	2	17.46058464826494	18.606411764248765	11.65931461754545
333	2	20.25427819198733	20.334561463714593	11.65931461754545
334	2	23.04797173570972	22.062711163180424	11.65931461754545
335	2	25.841665279432103	23.79086086264625	11.65931461754545
336	2	28.635358823154498	25.51901056211208	11.65931461754545
337	2	31.429052366876885	27.24716026157791	11.65931461754545
338	2	34.22274591059928	28.975309961043735	11.65931461754545
339	2	37.01643945432166	30.70345966050957	11.65931461754545
340	2	39.81013299804406	32.4316093599754	11.65931461754545
341	2	42.603826541766445	34.15975905944122	11.65931461754545
342	2	45.397520085488836	35.88790875890706	11.65931461754545
343	2	48.19121362921123	37.61605845837289	11.65931461754545
344	2	50.98490717293361	39.344208157838715	11.65931461754545
345	2	53.77860071665601	41.072357857304546	11.65931461754545
346	2	56.572294260378406	42.80050755677038	11.65931461754545
347	2	59.365987804100804	44.5286572562362	11.65931461754545
348	2	62.15968134782319	46.25680695570203	11.65931461754545
349	2	6.385585242794034	8.41032853740037	11.65931461754545
350	2	9.179278786516424	10.1384782368662	11.65931461754545
351	2	11.972972330238814	11.86662793633203	11.65931461754545
352	2	14.766665873961204	13.59477763579786	11.65931461754545
353	2	17.560359417683596	15.322927335263689	11.65931461754545
354	2	20.354052961405984	17.051077034729516	11.65931461754545
355	2	23.147746505128374	18.779226734195348	11.65931461754545
356	2	25.941440048850758	20.50737643366118	11.65931461754545
357	2	28.735133592573156	22.235526133127003	11.65931461754545
358	2	31.528827136295543	23.963675832592834	11.65931461754545
359	2	34.32252068001793	25.69182553205866	11.65931461754545
360	2	37.116214223740315	27.419975231524493	11.65931461754545
361	2	39.90990776746272	29.14812493099032	11.65931461754545
362	2	42.7036013111851	30.87627463045615	11.65931461754545
363	2	45.49729485490749	32.60442432992198	11.65931461754545
364	2	48.29098839862988	34.33257402938781	11.65931461754545
365	2	51.08468194235227	36.06072372885364	11.65931461754545
366	2	53.87837548607466	37.78887342831947	11.65931461754545
367	2	56.67206902979705	39.5170231277853	11.65931461754545
368	2	59.46576257351946	41.245172827251125	11.65931461754545
369	2	62.25945611724185	42.973322526716956	11.65931461754545
370	2	65.05314966096422	44.70147222618279	11.65931461754545
371	2	67.84684320468662	46.42962192564861	11.65931461754545
372	2	3.6916664684903018	3.398694408949465	11.65931461754545
373	2	6.4853600122126895	5.126844108415295	11.65931461754545
374	2	9.279053555935079	6.854993807881123	11.65931461754545
375	2	12.07274709965747	8.583143507346952	11.65931461754545
376	2	14.866440643379862	10.311293206812781	11.65931461754545
377	2	17.66013418710225	12.03944290627861	11.65931461754545
378	2	20.453827730824642	13.76759260574444	11.65931461754545
379	2	23.24752127454703	15.495742305210271	11.65931461754545
380	2	26.041214818269413	17.2238920046761	11.65931461754545
381	2	28.834908361991808	18.952041704141926	11.65931461754545
382	2	31.628601905714202	20.68019140360776	11.65931461754545
383	2	34.42229544943659	22.408341103073585	11.65931461754545
384	2	37.21598899315897	24.136490802539416	11.65931461754545
385	2	40.00968253688137	25.864640502005244	11.65931461754545
386	2	42.803376080603755	27.59279020147107	11.65931461754545
387	2	45.597069624326146	29.320939900936903	11.65931461754545
388	2	48.39076316804854	31.049089600402738	11.65931461754545
389	2	51.18445671177092	32.77723929986856	11.65931461754545
390	2	53.97815025549332	34.50538899933439	11.65931461754545
391	2	56.77184379921571	36.233538698800224	11.65931461754545
392	2	59.56553734293811	37.96168839826605	11.65931461754545
393	2	62.359230886660505	39.68983809773188	11.65931461754545
394	2	65.15292443038288	41.41798779719771	11.65931461754545
395	2	67.94661797410528	43.146137496663535	11.65931461754545
396	2	70.74031151782766	44.874287196129366	11.65931461754545
397	2	73.53400506155005	46.6024368955952	11.65931461754545
398	2	3.791441237908958	0.11520997996438789	11.65931461754545
399	2	6.5851347816313455	1.8433596794302172	11.65931461754545
400	2	9.378828325353737	3.5715093788960464	11.65931461754545
401	2	12.172521869076126	5.299659078361875	11.65931461754545
402	2	14.966215412798517	7.027808777827705	11.65931461754545
403	2	17.759908956520906	8.755958477293534	11.65931461754545
404	2	20.5536025002433	10.484108176759364	11.65931461754545
405	2	23.347296043965684	12.212257876225193	11.65931461754545
406	2	26.14098958768807	13.940407575691022	11.65931461754545
407	2	28.934683131410466	15.668557275156852	11.65931461754545
408	2	31.728376675132857	17.39670697462268	11.65931461754545
409	2	34.52207021885525	19.12485667408851	11.65931461754545
410	2	37.31576376257763	20.85300637355434	11.65931461754545
411	2	40.10945730630003	22.581156073020168	11.65931461754545
412	2	42.90315085002241	24.309305772486	11.65931461754545
413	2	45.696844393744804	26.037455471951827	11.65931461754545
414	2	48.49053793746719	27.765605171417658	11.65931461754545
415	2	51.28423148118958	29.493754870883482	11.65931461754545
416	2	54.07792502491198	31.221904570349317	11.65931461754545
417	2	56.87161856863437	32.95005426981515	11.65931461754545
418	2	59.665312112356766	34.67820396928097	11.65931461754545
419	2	62.45900565607915	36.4063536687468	11.65931461754545
420	2	65.25269919980153	38.134503368212634	11.65931461754545
421	2	68.04639274352392	39.86265306767846	11.65931461754545
422	2	70.84008628724632	41.5908027671443	11.65931461754545
423	2	73.6337798309687	43.31895246661012	11.65931461754545
424	2	76.42747337469109	45.047102166075945	11.65931461754545
425	2	79.2211669184135	46.775251865541776	11.65931461754545
426	2	9.478603094772392	0.28802494991096966	11.65931461754545
427	2	12.272296638494783	2.016174649376799	11.65931461754545
428	2	15.065990182217174	3.7443243488426283	11.65931461754545
429	2	17.85968372593956	5.472474048308458	11.65931461754545
430	2	20.653377269661956	7.200623747774287	11.65931461754545
431	2	23.44707081338434	8.928773447240115	11.65931461754545
432	2	26.240764357106727	10.656923146705946	11.65931461754545
433	2	29.034457900829125	12.385072846171774	11.65931461754545
434	2	31.828151444551516	14.113222545637603	11.65931461754545
435	2	34.62184498827391	15.841372245103434	11.65931461754545
436	2	37.41553853199629	17.56952194456926	11.65931461754545
437	2	40.20923207571868	19.29767164403509	11.65931461754545
438	2	43.00292561944107	21.025821343500922	11.65931461754545
439	2	45.79661916316346	22.75397104296675	11.65931461754545
440	2	48.59031270688585	24.482120742432578	11.65931461754545
441	2	51.38400625060823	26.21027044189841	11.65931461754545
442	2	54.177699794330636	27.938420141364237	11.65931461754545
443	2	56.971393338053026	29.666569840830068	11.65931461754545
444	2	59.765086881775424	31.394719540295895	11.65931461754545
445	2	62.55878042549781	33.12286923976173	11.65931461754545
446	2	65.35247396922018	34.85101893922756	11.65931461754545
447	2	68.14616751294258	36.57916863869338	11.65931461754545
448	2	70.93986105666497	38.30731833815921	11.65931461754545
449	2	73.73355460038735	40.035468037625044	11.65931461754545
450	2	76.52724814410975	41.763617737090875	11.65931461754545
451	2	15.165764951635829	0.46083991985755146	11.65931461754545
452	2	17.95945849535822	2.188989619323381	11.65931461754545
453	2	20.75315203908061	3.91713931878921	11.65931461754545
454	2	23.546845582802998	5.645289018255039	11.65931461754545
455	2	26.340539126525382	7.373438717720869	11.65931461754545
456	2	29.13423267024778	9.101588417186697	11.65931461754545
457	2	31.927926213970167	10.829738116652528	11.65931461754545
458	2	34.721619757692565	12.557887816118358	11.65931461754545
459	2	37.51531330141495	14.286037515584185	11.65931461754545
460	2	40.30900684513734	16.014187215050015	11.65931461754545
461	2	43.10270038885972	17.742336914515842	11.65931461754545
462	2	45.896393932582114	19.470486613981674	11.65931461754545
463	2	48.690087476304505	21.1986363134475	11.65931461754545
464	2	51.48378102002689	22.926786012913333	11.65931461754545
465	2	54.277474563749294	24.65493571237916	11.65931461754545
466	2	57.071168107471685	26.383085411844988	11.65931461754545
467	2	59.86486165119408	28.11123511131082	11.65931461754545
468	2	62.65855519491647	29.839384810776647	11.65931461754545
469	2	65.45224873863884	31.56753451024248	11.65931461754545
470	2	68.24594228236124	33.295684209708305	11.65931461754545
471	2	71.03963582608363	35.02383390917414	11.65931461754545
472	2	73.83332936980601	36.75198360863997	11.65931461754545
473	2	20.852926808499266	0.6336548898041333	11.65931461754545
474	2	23.646620352221653	2.361804589269963	11.65931461754545
475	2	26.440313895944037	4.089954288735791	11.65931461754545
476	2	29.23400743966644	5.818103988201622	11.65931461754545
477	2	32.027700983388826	7.54625368766745	11.65931461754545
478	2	34.82139452711122	9.27440338713328	11.65931461754545
479	2	37.6150880708336	11.002553086599109	11.65931461754545
480	2	40.408781614556	12.730702786064938	11.65931461754545
481	2	43.20247515827838	14.458852485530768	11.65931461754545
482	2	45.99616870200077	16.187002184996597	11.65931461754545
483	2	48.789862245723164	17.915151884462425	11.65931461754545
484	2	51.58355578944555	19.643301583928256	11.65931461754545
485	2	54.37724933316794	21.371451283394087	11.65931461754545
486	2	57.17094287689034	23.09960098285991	11.65931461754545
487	2	59.96463642061274	24.827750682325746	11.65931461754545
488	2	62.758329964335125	26.55590038179157	11.65931461754545
489	2	65.5520235080575	28.284050081257405	11.65931461754545
490	2	68.3457170517799	30.01219978072323	11.65931461754545
491	2	71.13941059550228	31.740349480189064	11.65931461754545
492	2	26.540088665362696	0.8064698597507151	11.65931461754545
493	2	29.33378220908509	2.5346195592165444	11.65931461754545
494	2	32.12747575280748	4.262769258682374	11.65931461754545
495	2	34.921169296529875	5.990918958148203	11.65931461754545
496	2	37.71486284025226	7.719068657614032	11.65931461754545
497	2	40.50855638397465	9.447218357079862	11.65931461754545
498	2	43.302249927697034	11.175368056545691	11.65931461754545
499	2	46.09594347141943	12.90351775601152	11.65931461754545
500	2	48.88963701514182	14.631667455477348	11.65931461754545
501	2	51.683330558864206	16.35981715494318	11.65931461754545
502	2	54.4770241025866	18.087966854409007	11.65931461754545
503	2	57.270717646308995	19.816116553874835	11.65931461754545
504	2	60.064411190031386	21.54426625334067	11.65931461754545
505	2	62.85810473375377	23.272415952806494	11.65931461754545
506	2	65.65179827747616	25.000565652272325	11.65931461754545
507	2	68.44549182119856	26.728715351738153	11.65931461754545
508	2	32.227250522226136	0.979284829697297	11.65931461754545
509	2	35.02094406594853	2.7074345291631263	11.65931461754545
510	2	37.81463760967091	4.435584228628955	11.65931461754545
511	2	40.60833115339331	6.163733928094786	11.65931461754545
512	2	43.40202469711569	7.891883627560613	11.65931461754545
513	2	46.19571824083808	9.620033327026443	11.65931461754545
514	2	48.989411784560474	11.348183026492274	11.65931461754545
515	2	51.783105328282865	13.076332725958101	11.65931461754545
516	2	54.576798872005256	14.804482425423931	11.65931461754545
517	2	57.370492415727654	16.532632124889762	11.65931461754545
518	2	60.164185959450045	18.26078182435559	11.65931461754545
519	2	62.95787950317243	19.98893152382142	11.65931461754545
520	2	65.75157304689482	21.71708122328725	11.65931461754545
521	2	37.91441237908957	1.1520997996438787	11.65931461754545
522	2	40.70810592281197	2.880249499109708	11.65931461754545
523	2	43.501799466534344	4.608399198575538	11.65931461754545
524	2	46.29549301025674	6.336548898041367	11.65931461754545
525	2	49.08918655397913	8.064698597507196	11.65931461754545
526	2	51.882880097701516	9.792848296973025	11.65931461754545
527	2	54.676573641423914	11.520997996438854	11.65931461754545
528	2	57.47026718514631	13.249147695904684	11.65931461754545
529	2	60.2639607288687	14.977297395370513	11.65931461754545
530	2	63.05765427259109	16.705447094836344	11.65931461754545
531	2	43.601574235953	1.3249147695904606	11.65931461754545
532	2	46.39526777967539	3.05306446905629	11.65931461754545
533	2	49.188961323397784	4.781214168522119	11.65931461754545
534	2	51.982654867120175	6.509363867987949	11.65931461754545
535	2	54.776348410842566	8.237513567453778	11.65931461754545
536	2	57.57004195456497	9.965663266919606	11.65931461754545
537	2	60.36373549828736	11.693812966385437	11.65931461754545
538	2	49.28873609281644	1.4977297395370424	11.65931461754545
539	2	52.082429636538826	3.2258794390028718	11.65931461754545
540	2	54.876123180261224	4.954029138468701	11.65931461754545
541	2	57.669816723983615	6.68217883793453	11.65931461754545
542	2	54.97589794967988	1.6705447094836243	11.65931461754545
543	3	25.243016662920166	43.49176743655671	8.34068538245455
544	3	28.036710206642564	45.21991713602254	8.34068538245455
545	3	22.549097888616437	38.480133308105806	8.34068538245455
546	3	25.34279143233882	40.20828300757164	8.34068538245455
547	3	28.136484976061215	41.93643270703747	8.34068538245455
548	3	30.93017851978361	43.66458240650329	8.34068538245455
549	3	33.723872063506	45.39273210596912	8.34068538245455
550	3	19.855179114312705	33.4684991796549	8.34068538245455
551	3	22.648872658035092	35.19664887912073	8.34068538245455
552	3	25.44256620175748	36.924798578586554	8.34068538245455
553	3	28.236259745479874	38.652948278052385	8.34068538245455
554	3	31.029953289202265	40.38109797751822	8.34068538245455
555	3	33.82364683292465	42.10924767698405	8.34068538245455
556	3	36.61734037664704	43.83739737644987	8.34068538245455
557	3	39.411033920369434	45.5655470759157	8.34068538245455
558	3	17.16126034000897	28.45686505120399	8.34068538245455
559	3	19.954953883731363	30.185014750669826	8.34068538245455
560	3	22.748647427453747	31.913164450135653	8.34068538245455
561	3	25.542340971176134	33.64131414960148	8.34068538245455
562	3	28.336034514898532	35.369463849067316	8.34068538245455
563	3	31.129728058620923	37.09761354853314	8.34068538245455
564	3	33.92342160234331	38.825763247998964	8.34068538245455
565	3	36.717115146065694	40.5539129474648	8.34068538245455
566	3	39.51080868978809	42.28206264693063	8.34068538245455
567	3	42.304502233510476	44.01021234639646	8.34068538245455
568	3	45.09819577723287	45.73836204586228	8.34068538245455
569	3	14.467341565705237	23.44523092275309	8.34068538245455
570	3	17.261035109427628	25.173380622218918	8.34068538245455
571	3	20.05472865315002	26.901530321684746	8.34068538245455
572	3	22.848422196872402	28.629680021150577	8.34068538245455
573	3	25.64211574059479	30.357829720616405	8.34068538245455
574	3	28.435809284317184	32.08597942008223	8.34068538245455
575	3	31.229502828039575	33.81412911954806	8.34068538245455
576	3	34.02319637176197	35.542278819013895	8.34068538245455
577	3	36.81688991548435	37.270428518479726	8.34068538245455
578	3	39.61058345920675	38.99857821794555	8.34068538245455
579	3	42.404277002929135	40.72672791741138	8.34068538245455
580	3	45.19797054665152	42.45487761687721	8.34068538245455
581	3	47.99166409037392	44.18302731634304	8.34068538245455
582	3	50.7853576340963	45.91117701580887	8.34068538245455
583	3	11.773422791401503	18.433596794302183	8.34068538245455
584	3	14.567116335123892	20.161746493768014	8.34068538245455
585	3	17.360809878846283	21.88989619323384	8.34068538245455
586	3	20.154503422568673	23.61804589269967	8.34068538245455
587	3	22.94819696629106	25.3461955921655	8.34068538245455
588	3	25.741890510013445	27.074345291631325	8.34068538245455
589	3	28.535584053735843	28.802494991097156	8.34068538245455
590	3	31.329277597458233	30.53064469056299	8.34068538245455
591	3	34.12297114118062	32.25879439002881	8.34068538245455
592	3	36.916664684903004	33.98694408949464	8.34068538245455
593	3	39.71035822862541	35.71509378896048	8.34068538245455
594	3	42.50405177234779	37.443243488426305	8.34068538245455
595	3	45.29774531607018	39.17139318789213	8.34068538245455
596	3	48.09143885979257	40.89954288735797	8.34068538245455
597	3	50.88513240351495	42.62769258682379	8.34068538245455
598	3	53.67882594723735	44.35584228628962	8.34068538245455
599	3	56.47251949095975	46.08399198575545	8.34068538245455
600	3	9.079504017097769	13.421962665851277	8.34068538245455
601	3	11.873197560820158	15.150112365317106	8.34068538245455
602	3	14.666891104542549	16.878262064782934	8.34068538245455
603	3	17.46058464826494	18.606411764248765	8.34068538245455
604	3	20.25427819198733	20.334561463714593	8.34068538245455
605	3	23.04797173570972	22.062711163180424	8.34068538245455
606	3	25.841665279432103	23.79086086264625	8.34068538245455
607	3	28.635358823154498	25.51901056211208	8.34068538245455
608	3	31.429052366876885	27.24716026157791	8.34068538245455
609	3	34.22274591059928	28.975309961043735	8.34068538245455
610	3	37.01643945432166	30.70345966050957	8.34068538245455
611	3	39.81013299804406	32.4316093599754	8.34068538245455
612	3	42.603826541766445	34.15975905944122	8.34068538245455
613	3	45.397520085488836	35.88790875890706	8.34068538245455
614	3	48.19121362921123	37.61605845837289	8.34068538245455
615	3	50.98490717293361	39.344208157838715	8.34068538245455
616	3	53.77860071665601	41.072357857304546	8.34068538245455
617	3	56.572294260378406	42.80050755677038	8.34068538245455
618	3	59.365987804100804	44.5286572562362	8.34068538245455
619	3	62.15968134782319	46.25680695570203	8.34068538245455
620	3	6.385585242794034	8.41032853740037	8.34068538245455
621	3	9.179278786516424	10.1384782368662	8.34068538245455
622	3	11.972972330238814	11.86662793633203	8.34068538245455
623	3	14.766665873961204	13.59477763579786	8.34068538245455
624	3	17.560359417683596	15.322927335263689	8.34068538245455
625	3	20.354052961405984	17.051077034729516	8.34068538245455
626	3	23.147746505128374	18.779226734195348	8.34068538245455
627	3	25.941440048850758	20.50737643366118	8.34068538245455
628	3	28.735133592573156	22.235526133127003	8.34068538245455
629	3	31.528827136295543	23.963675832592834	8.34068538245455
630	3	34.32252068001793	25.69182553205866	8.34068538245455
631	3	37.116214223740315	27.419975231524493	8.34068538245455
632	3	39.90990776746272	29.14812493099032	8.34068538245455
633	3	42.7036013111851	30.87627463045615	8.34068538245455
634	3	45.49729485490749	32.60442432992198	8.34068538245455
635	3	48.29098839862988	34.33257402938781	8.34068538245455
636	3	51.08468194235227	36.06072372885364	8.34068538245455
637	3	53.87837548607466	37.78887342831947	8.34068538245455
638	3	56.67206902979705	39.5170231277853	8.34068538245455
639	3	59.46576257351946	41.245172827251125	8.34068538245455
640	3	62.25945611724185	42.973322526716956	8.34068538245455
641	3	65.05314966096422	44.70147222618279	8.34068538245455
642	3	67.84684320468662	46.42962192564861	8.34068538245455
643	3	3.6916664684903018	3.398694408949465	8.34068538245455
644	3	6.4853600122126895	5.126844108415295	8.34068538245455
645	3	9.279053555935079	6.854993807881123	8.34068538245455
646	3	12.07274709965747	8.583143507346952	8.34068538245455
647	3	14.866440643379862	10.311293206812781	8.34068538245455
648	3	17.66013418710225	12.03944290627861	8.34068538245455
649	3	20.453827730824642	13.76759260574444	8.34068538245455
650	3	23.24752127454703	15.495742305210271	8.34068538245455
651	3	26.041214818269413	17.2238920046761	8.34068538245455
652	3	28.834908361991808	18.952041704141926	8.34068538245455
653	3	31.628601905714202	20.68019140360776	8.34068538245455
654	3	34.42229544943659	22.408341103073585	8.34068538245455
655	3	37.21598899315897	24.136490802539416	8.34068538245455
656	3	40.00968253688137	25.864640502005244	8.34068538245455
657	3	42.803376080603755	27.59279020147107	8.34068538245455
658	3	45.597069624326146	29.320939900936903	8.34068538245455
659	3	48.39076316804854	31.049089600402738	8.34068538245455
660	3	51.18445671177092	32.77723929986856	8.34068538245455
661	3	53.97815025549332	34.50538899933439	8.34068538245455
662	3	56.77184379921571	36.233538698800224	8.34068538245455
663	3	59.56553734293811	37.96168839826605	8.34068538245455
664	3	62.359230886660505	39.68983809773188	8.34068538245455
665	3	65.15292443038288	41.41798779719771	8.34068538245455
666	3	67.94661797410528	43.146137496663535	8.34068538245455
667	3	70.74031151782766	44.874287196129366	8.34068538245455
668	3	73.53400506155005	46.6024368955952	8.34068538245455
669	3	3.791441237908958	0.11520997996438789	8.34068538245455
670	3	6.5851347816313455	1.8433596794302172	8.34068538245455
671	3	9.378828325353737	3.5715093788960464	8.34068538245455
672	3	12.172521869076126	5.299659078361875	8.34068538245455
673	3	14.966215412798517	7.027808777827705	8.34068538245455
674	3	17.759908956520906	8.755958477293534	8.34068538245455
675	3	20.5536025002433	10.484108176759364	8.34068538245455
676	3	23.347296043965684	12.212257876225193	8.34068538245455
677	3	26.14098958768807	13.940407575691022	8.34068538245455
678	3	28.934683131410466	15.668557275156852	8.34068538245455
679	3	31.728376675132857	17.39670697462268	8.34068538245455
680	3	34.52207021885525	19.12485667408851	8.34068538245455
681	3	37.31576376257763	20.85300637355434	8.34068538245455
682	3	40.10945730630003	22.581156073020168	8.34068538245455
683	3	42.90315085002241	24.309305772486	8.34068538245455
684	3	45.696844393744804	26.037455471951827	8.34068538245455
685	3	48.49053793746719	27.765605171417658	8.34068538245455
686	3	51.28423148118958	29.493754870883482	8.34068538245455
687	3	54.07792502491198	31.221904570349317	8.34068538245455
688	3	56.87161856863437	32.95005426981515	8.34068538245455
689	3	59.665312112356766	34.67820396928097	8.34068538245455
690	3	62.45900565607915	36.4063536687468	8.34068538245455
691	3	65.25269919980153	38.134503368212634	8.34068538245455
692	3	68.04639274352392	39.86265306767846	8.34068538245455
693	3	70.84008628724632	41.5908027671443	8.34068538245455
694	3	73.6337798309687	43.31895246661012	8.34068538245455
695	3	76.42747337469109	45.047102166075945	8.34068538245455
696	3	79.2211669184135	46.775251865541776	8.34068538245455
697	3	9.478603094772392	0.28802494991096966	8.34068538245455
698	3	12.272296638494783	2.016174649376799	8.34068538245455
699	3	15.065990182217174	3.7443243488426283	8.34068538245455
700	3	17.85968372593956	5.472474048308458	8.34068538245455
701	3	20.653377269661956	7.200623747774287	8.34068538245455
702	3	23.44707081338434	8.928773447240115	8.34068538245455
703	3	26.240764357106727	10.656923146705946	8.34068538245455
704	3	29.034457900829125	12.385072846171774	8.34068538245455
705	3	31.828151444551516	14.113222545637603	8.34068538245455
706	3	34.62184498827391	15.841372245103434	8.34068538245455
707	3	37.41553853199629	17.56952194456926	8.34068538245455
708	3	40.20923207571868	19.29767164403509	8.34068538245455
709	3	43.00292561944107	21.025821343500922	8.34068538245455
710	3	45.79661916316346	22.75397104296675	8.34068538245455
711	3	48.59031270688585	24.482120742432578	8.34068538245455
712	3	51.38400625060823	26.21027044189841	8.34068538245455
713	3	54.177699794330636	27.938420141364237	8.34068538245455
714	3	56.971393338053026	29.666569840830068	8.34068538245455
715	3	59.765086881775424	31.394719540295895	8.34068538245455
716	3	62.55878042549781	33.12286923976173	8.34068538245455
717	3	65.35247396922018	34.85101893922756	8.34068538245455
718	3	68.14616751294258	36.57916863869338	8.34068538245455
719	3	70.93986105666497	38.30731833815921	8.34068538245455
720	3	73.73355460038735	40.035468037625044	8.34068538245455
721	3	76.52724814410975	41.763617737090875	8.34068538245455
722	3	15.165764951635829	0.46083991985755146	8.34068538245455
723	3	17.95945849535822	2.188989619323381	8.34068538245455
724	3	20.75315203908061	3.91713931878921	8.34068538245455
725	3	23.546845582802998	5.645289018255039	8.34068538245455
726	3	26.340539126525382	7.373438717720869	8.34068538245455
727	3	29.13423267024778	9.101588417186697	8.34068538245455
728	3	31.927926213970167	10.829738116652528	8.34068538245455
729	3	34.721619757692565	12.557887816118358	8.34068538245455
730	3	37.51531330141495	14.286037515584185	8.34068538245455
731	3	40.30900684513734	16.014187215050015	8.34068538245455
732	3	43.10270038885972	17.742336914515842	8.34068538245455
733	3	45.896393932582114	19.470486613981674	8.34068538245455
734	3	48.690087476304505	21.1986363134475	8.34068538245455
735	3	51.48378102002689	22.926786012913333	8.34068538245455
736	3	54.277474563749294	24.65493571237916	8.34068538245455
737	3	57.071168107471685	26.383085411844988	8.34068538245455
738	3	59.86486165119408	28.11123511131082	8.34068538245455
739	3	62.65855519491647	29.839384810776647	8.34068538245455
740	3	65.45224873863884	31.56753451024248	8.34068538245455
741	3	68.24594228236124	33.295684209708305	8.34068538245455
742	3	71.03963582608363	35.02383390917414	8.34068538245455
743	3	73.83332936980601	36.75198360863997	8.34068538245455
744	3	20.852926808499266	0.6336548898041333	8.34068538245455
745	3	23.646620352221653	2.361804589269963	8.34068538245455
746	3	26.440313895944037	4.089954288735791	8.34068538245455
747	3	29.23400743966644	5.818103988201622	8.34068538245455
748	3	32.027700983388826	7.54625368766745	8.34068538245455
749	3	34.82139452711122	9.27440338713328	8.34068538245455
750	3	37.6150880708336	11.002553086599109	8.34068538245455
751	3	40.408781614556	12.730702786064938	8.34068538245455
752	3	43.20247515827838	14.458852485530768	8.34068538245455
753	3	45.99616870200077	16.187002184996597	8.34068538245455
754	3	48.789862245723164	17.915151884462425	8.34068538245455
755	3	51.58355578944555	19.643301583928256	8.34068538245455
756	3	54.37724933316794	21.371451283394087	8.34068538245455
757	3	57.17094287689034	23.09960098285991	8.34068538245455
758	3	59.96463642061274	24.827750682325746	8.34068538245455
759	3	62.758329964335125	26.55590038179157	8.34068538245455
760	3	65.5520235080575	28.284050081257405	8.34068538245455
761	3	68.3457170517799	30.01219978072323	8.34068538245455
762	3	71.13941059550228	31.740349480189064	8.34068538245455
763	3	26.540088665362696	0.8064698597507151	8.34068538245455
764	3	29.33378220908509	2.5346195592165444	8.34068538245455
765	3	32.12747575280748	4.262769258682374	8.34068538245455
766	3	34.921169296529875	5.990918958148203	8.34068538245455
767	3	37.71486284025226	7.719068657614032	8.34068538245455
768	3	40.50855638397465	9.447218357079862	8.34068538245455
769	3	43.302249927697034	11.175368056545691	8.34068538245455
770	3	46.09594347141943	12.90351775601152	8.34068538245455
771	3	48.88963701514182	14.631667455477348	8.34068538245455
772	3	51.683330558864206	16.35981715494318	8.34068538245455
773	3	54.4770241025866	18.087966854409007	8.34068538245455
774	3	57.270717646308995	19.816116553874835	8.34068538245455
775	3	60.064411190031386	21.54426625334067	8.34068538245455
776	3	62.85810473375377	23.272415952806494	8.34068538245455
777	3	65.65179827747616	25.000565652272325	8.34068538245455
778	3	68.44549182119856	26.728715351738153	8.34068538245455
779	3	32.227250522226136	0.979284829697297	8.34068538245455
780	3	35.02094406594853	2.7074345291631263	8.34068538245455
781	3	37.81463760967091	4.435584228628955	8.34068538245455
782	3	40.60833115339331	6.163733928094786	8.34068538245455
783	3	43.40202469711569	7.891883627560613	8.34068538245455
784	3	46.19571824083808	9.620033327026443	8.34068538245455
785	3	48.989411784560474	11.348183026492274	8.34068538245455
786	3	51.783105328282865	13.076332725958101	8.34068538245455
787	3	54.576798872005256	14.804482425423931	8.34068538245455
788	3	57.370492415727654	16.532632124889762	8.34068538245455
789	3	60.164185959450045	18.26078182435559	8.34068538245455
790	3	62.95787950317243	19.98893152382142	8.34068538245455
791	3	65.75157304689482	21.71708122328725	8.34068538245455
792	3	37.91441237908957	1.1520997996438787	8.34068538245455
793	3	40.70810592281197	2.880249499109708	8.34068538245455
794	3	43.501799466534344	4.608399198575538	8.34068538245455
795	3	46.29549301025674	6.336548898041367	8.34068538245455
796	3	49.08918655397913	8.064698597507196	8.34068538245455
797	3	51.882880097701516	9.792848296973025	8.34068538245455
798	3	54.676573641423914	11.520997996438854	8.34068538245455
799	3	57.47026718514631	13.249147695904684	8.34068538245455
800	3	60.2639607288687	14.977297395370513	8.34068538245455
801	3	63.05765427259109	16.705447094836344	8.34068538245455
802	3	43.601574235953	1.3249147695904606	8.34068538245455
803	3	46.39526777967539	3.05306446905629	8.34068538245455
804	3	49.188961323397784	4.781214168522119	8.34068538245455
805	3	51.982654867120175	6.509363867987949	8.34068538245455
806	3	54.776348410842566	8.237513567453778	8.34068538245455
807	3	57.57004195456497	9.965663266919606	8.34068538245455
808	3	60.36373549828736	11.693812966385437	8.34068538245455
809	3	49.28873609281644	1.4977297395370424	8.34068538245455
810	3	52.082429636538826	3.2258794390028718	8.34068538245455
811	3	54.876123180261224	4.954029138468701	8.34068538245455
812	3	57.669816723983615	6.68217883793453	8.34068538245455
813	3	54.97589794967988	1.6705447094836243	8.34068538245455
814	4	28.93468313141045	46.7752518655418	16.46
815	4	25.94144004885075	41.936432707037476	16.46
816	4	28.83490836199179	43.49176743655672	16.46
817	4	31.728376675132843	45.04710216607597	16.46
818	4	34.62184498827389	46.60243689559522	16.46
819	4	22.94819696629105	37.09761354853315	16.46
820	4	25.841665279432096	38.652948278052406	16.46
821	4	28.73513359257314	40.208283007571644	16.46
822	4	31.628601905714184	41.76361773709089	16.46
823	4	34.522070218855234	43.31895246661014	16.46
824	4	37.41553853199628	44.87428719612939	16.46
825	4	40.309006845137326	46.42962192564863	16.46
826	4	19.954953883731346	32.258794390028825	16.46
827	4	22.848422196872395	33.81412911954808	16.46
828	4	25.741890510013437	35.36946384906732	16.46
829	4	28.63535882315448	36.92479857858657	16.46
830	4	31.528827136295533	38.48013330810582	16.46
831	4	34.42229544943658	40.035468037625066	16.46
832	4	37.315763762577625	41.59080276714431	16.46
833	4	40.20923207571867	43.146137496663556	16.46
834	4	43.102700388859716	44.70147222618281	16.46
835	4	45.99616870200076	46.256806955702054	16.46
836	4	16.961710801171648	27.419975231524504	16.46
837	4	19.85517911431269	28.975309961043752	16.46
838	4	22.74864742745374	30.530644690562998	16.46
839	4	25.642115740594782	32.085979420082246	16.46
840	4	28.53558405373582	33.6413141496015	16.46
841	4	31.429052366876874	35.19664887912074	16.46
842	4	34.322520680017924	36.75198360863999	16.46
843	4	37.21598899315897	38.307318338159234	16.46
844	4	40.10945730630001	39.86265306767848	16.46
845	4	43.00292561944106	41.41798779719773	16.46
846	4	45.8963939325821	42.97332252671698	16.46
847	4	48.78986224572315	44.52865725623622	16.46
848	4	51.683330558864206	46.083991985755475	16.46
849	4	13.968467718611944	22.581156073020182	16.46
850	4	16.86193603175299	24.136490802539424	16.46
851	4	19.755404344894036	25.691825532058672	16.46
852	4	22.648872658035085	27.247160261577918	16.46
853	4	25.542340971176127	28.802494991097173	16.46
854	4	28.435809284317166	30.357829720616415	16.46
855	4	31.329277597458223	31.91316445013566	16.46
856	4	34.222745910599265	33.46849917965491	16.46
857	4	37.116214223740315	35.02383390917416	16.46
858	4	40.00968253688135	36.5791686386934	16.46
859	4	42.903150850022406	38.134503368212656	16.46
860	4	45.79661916316345	39.6898380977319	16.46
861	4	48.69008747630449	41.245172827251146	16.46
862	4	51.58355578944555	42.80050755677039	16.46
863	4	54.477024102586576	44.35584228628964	16.46
864	4	57.37049241572764	45.911177015808896	16.46
865	4	10.975224636052241	17.742336914515857	16.46
866	4	13.868692949193287	19.297671644035105	16.46
867	4	16.76216126233433	20.853006373554347	16.46
868	4	19.65562957547538	22.4083411030736	16.46
869	4	22.549097888616426	23.963675832592845	16.46
870	4	25.44256620175747	25.51901056211209	16.46
871	4	28.336034514898508	27.07434529163134	16.46
872	4	31.229502828039564	28.629680021150588	16.46
873	4	34.122971141180614	30.185014750669836	16.46
874	4	37.016439454321656	31.74034948018908	16.46
875	4	39.90990776746269	33.29568420970833	16.46
876	4	42.80337608060375	34.85101893922758	16.46
877	4	45.69684439374479	36.406353668746824	16.46
878	4	48.59031270688584	37.96168839826607	16.46
879	4	51.48378102002689	39.51702312778532	16.46
880	4	54.37724933316792	41.07235785730457	16.46
881	4	57.27071764630898	42.627692586823805	16.46
882	4	60.16418595945002	44.183027316343065	16.46
883	4	63.05765427259108	45.73836204586231	16.46
884	4	7.981981553492539	12.90351775601153	16.46
885	4	10.875449866633586	14.45885248553078	16.46
886	4	13.768918179774632	16.014187215050026	16.46
887	4	16.662386492915676	17.569521944569274	16.46
888	4	19.555854806056725	19.124856674088523	16.46
889	4	22.449323119197768	20.68019140360777	16.46
890	4	25.342791432338814	22.235526133127014	16.46
891	4	28.236259745479856	23.790860862646262	16.46
892	4	31.12972805862091	25.34619559216551	16.46
893	4	34.023196371761955	26.901530321684756	16.46
894	4	36.916664684903	28.45686505120401	16.46
895	4	39.81013299804404	30.01219978072325	16.46
896	4	42.703601311185096	31.5675345102425	16.46
897	4	45.59706962432613	33.12286923976175	16.46
898	4	48.49053793746718	34.67820396928099	16.46
899	4	51.38400625060823	36.233538698800245	16.46
900	4	54.27747456374926	37.78887342831949	16.46
901	4	57.17094287689032	39.344208157838736	16.46
902	4	60.064411190031365	40.89954288735799	16.46
903	4	62.95787950317242	42.454877616877226	16.46
904	4	65.85134781631346	44.010212346396486	16.46
905	4	68.7448161294545	45.565547075915724	16.46
906	4	4.988738470932836	8.064698597507206	16.46
907	4	7.882206784073883	9.620033327026455	16.46
908	4	10.775675097214929	11.175368056545702	16.46
909	4	13.669143410355977	12.730702786064949	16.46
910	4	16.56261172349702	14.286037515584196	16.46
911	4	19.45608003663807	15.841372245103443	16.46
912	4	22.349548349779113	17.396706974622692	16.46
913	4	25.24301666292016	18.95204170414194	16.46
914	4	28.136484976061197	20.507376433661186	16.46
915	4	31.02995328920225	22.062711163180435	16.46
916	4	33.923421602343296	23.61804589269968	16.46
917	4	36.816889915484346	25.17338062221893	16.46
918	4	39.71035822862538	26.72871535173817	16.46
919	4	42.60382654176644	28.284050081257426	16.46
920	4	45.49729485490748	29.83938481077667	16.46
921	4	48.39076316804853	31.394719540295913	16.46
922	4	51.28423148118957	32.95005426981517	16.46
923	4	54.177699794330614	34.505388999334414	16.46
924	4	57.071168107471664	36.06072372885366	16.46
925	4	59.964636420612706	37.61605845837291	16.46
926	4	62.85810473375376	39.17139318789216	16.46
927	4	65.7515730468948	40.7267279174114	16.46
928	4	68.64504136003585	42.28206264693065	16.46
929	4	71.5385096731769	43.8373973764499	16.46
930	4	74.43197798631795	45.392732105969145	16.46
931	4	1.995495388373135	3.2258794390028824	16.46
932	4	4.888963701514181	4.781214168522131	16.46
933	4	7.782432014655227	6.336548898041378	16.46
934	4	10.675900327796274	7.891883627560625	16.46
935	4	13.569368640937318	9.447218357079873	16.46
936	4	16.462836954078366	11.002553086599121	16.46
937	4	19.356305267219412	12.557887816118367	16.46
938	4	22.249773580360458	14.113222545637617	16.46
939	4	25.143241893501504	15.66855727515686	16.46
940	4	28.036710206642546	17.22389200467611	16.46
941	4	30.930178519783592	18.77922673419536	16.46
942	4	33.82364683292464	20.334561463714603	16.46
943	4	36.71711514606569	21.889896193233852	16.46
944	4	39.61058345920673	23.445230922753098	16.46
945	4	42.504051772347786	25.00056565227235	16.46
946	4	45.39752008548882	26.55590038179159	16.46
947	4	48.29098839862987	28.11123511131084	16.46
948	4	51.18445671177092	29.66656984083009	16.46
949	4	54.07792502491195	31.221904570349334	16.46
950	4	56.97139333805302	32.77723929986859	16.46
951	4	59.86486165119406	34.332574029387835	16.46
952	4	62.75832996433511	35.88790875890707	16.46
953	4	65.65179827747615	37.443243488426326	16.46
954	4	68.54526659061719	38.99857821794558	16.46
955	4	71.43873490375825	40.553912947464816	16.46
956	4	74.33220321689929	42.10924767698407	16.46
957	4	77.22567153004033	43.66458240650332	16.46
958	4	80.11913984318137	45.21991713602256	16.46
959	4	4.7891889320955245	1.4977297395370535	16.46
960	4	7.6826572452365705	3.053064469056301	16.46
961	4	10.576125558377617	4.608399198575549	16.46
962	4	13.469593871518661	6.163733928094795	16.46
963	4	16.36306218465971	7.719068657614042	16.46
964	4	19.256530497800753	9.274403387133292	16.46
965	4	22.149998810941803	10.829738116652537	16.46
966	4	25.04346712408285	12.385072846171786	16.46
967	4	27.936935437223887	13.940407575691033	16.46
968	4	30.83040375036494	15.49574230521028	16.46
969	4	33.723872063505986	17.051077034729527	16.46
970	4	36.61734037664703	18.606411764248776	16.46
971	4	39.51080868978807	20.16174649376802	16.46
972	4	42.40427700292913	21.71708122328727	16.46
973	4	45.29774531607017	23.272415952806515	16.46
974	4	48.19121362921121	24.827750682325764	16.46
975	4	51.08468194235226	26.383085411845013	16.46
976	4	53.97815025549329	27.93842014136426	16.46
977	4	56.87161856863436	29.493754870883503	16.46
978	4	59.7650868817754	31.049089600402755	16.46
979	4	62.65855519491645	32.604424329922004	16.46
980	4	65.5520235080575	34.15975905944125	16.46
981	4	68.44549182119854	35.715093788960495	16.46
982	4	71.33896013433959	37.27042851847975	16.46
983	4	74.23242844748063	38.82576324799899	16.46
984	4	77.12589676062167	40.38109797751824	16.46
985	4	10.47635078895896	1.3249147695904717	16.46
986	4	13.369819102100006	2.880249499109719	16.46
987	4	16.263287415241052	4.435584228628967	16.46
988	4	19.156755728382098	5.990918958148214	16.46
989	4	22.050224041523148	7.546253687667461	16.46
990	4	24.94369235466419	9.10158841718671	16.46
991	4	27.83716066780523	10.656923146705957	16.46
992	4	30.730628980946282	12.212257876225204	16.46
993	4	33.62409729408733	13.76759260574445	16.46
994	4	36.51756560722838	15.322927335263698	16.46
995	4	39.41103392036942	16.878262064782948	16.46
996	4	42.30450223351047	18.433596794302197	16.46
997	4	45.19797054665151	19.98893152382144	16.46
998	4	48.091438859792554	21.54426625334069	16.46
999	4	50.98490717293361	23.099600982859936	16.46
1000	4	53.87837548607463	24.65493571237918	16.46
1001	4	56.7718437992157	26.21027044189843	16.46
1002	4	59.665312112356744	27.765605171417683	16.46
1003	4	62.558780425497794	29.320939900936924	16.46
1004	4	65.45224873863884	30.87627463045617	16.46
1005	4	68.34571705177989	32.431609359975425	16.46
1006	4	71.23918536492093	33.98694408949467	16.46
1007	4	74.13265367806197	35.542278819013916	16.46
1008	4	16.163512645822397	1.1520997996438898	16.46
1009	4	19.056980958963443	2.7074345291631374	16.46
1010	4	21.95044927210449	4.262769258682384	16.46
1011	4	24.84391758524553	5.818103988201631	16.46
1012	4	27.737385898386574	7.373438717720879	16.46
1013	4	30.630854211527627	8.928773447240129	16.46
1014	4	33.52432252466867	10.484108176759374	16.46
1015	4	36.41779083780972	12.039442906278621	16.46
1016	4	39.31125915095076	13.594777635797872	16.46
1017	4	42.20472746409182	15.150112365317117	16.46
1018	4	45.09819577723285	16.705447094836362	16.46
1019	4	47.991664090373895	18.260781824355615	16.46
1020	4	50.88513240351495	19.81611655387486	16.46
1021	4	53.77860071665597	21.371451283394105	16.46
1022	4	56.67206902979704	22.926786012913354	16.46
1023	4	59.565537342938086	24.482120742432603	16.46
1024	4	62.459005656079135	26.037455471951844	16.46
1025	4	65.35247396922018	27.592790201471097	16.46
1026	4	68.24594228236123	29.148124930990345	16.46
1027	4	71.13941059550227	30.703459660509587	16.46
1028	4	21.850674502685834	0.979284829697308	16.46
1029	4	24.744142815826876	2.5346195592165555	16.46
1030	4	27.637611128967915	4.089954288735803	16.46
1031	4	30.531079442108968	5.645289018255051	16.46
1032	4	33.42454775525002	7.200623747774298	16.46
1033	4	36.31801606839107	8.755958477293545	16.46
1034	4	39.2114843815321	10.311293206812794	16.46
1035	4	42.10495269467315	11.86662793633204	16.46
1036	4	44.998421007814194	13.421962665851288	16.46
1037	4	47.891889320955244	14.977297395370535	16.46
1038	4	50.7853576340963	16.532632124889783	16.46
1039	4	53.67882594723733	18.087966854409032	16.46
1040	4	56.57229426037839	19.643301583928277	16.46
1041	4	59.46576257351943	21.198636313447526	16.46
1042	4	62.35923088666048	22.75397104296677	16.46
1043	4	65.25269919980153	24.30930577248602	16.46
1044	4	68.14616751294257	25.864640502005265	16.46
1045	4	27.537836359549264	0.8064698597507263	16.46
1046	4	30.431304672690317	2.3618045892699735	16.46
1047	4	33.32477298583136	3.917139318789222	16.46
1048	4	36.21824129897241	5.472474048308468	16.46
1049	4	39.11170961211345	7.027808777827716	16.46
1050	4	42.0051779252545	8.583143507346964	16.46
1051	4	44.898646238395536	10.138478236866211	16.46
1052	4	47.792114551536585	11.693812966385458	16.46
1053	4	50.68558286467764	13.249147695904709	16.46
1054	4	53.57905117781867	14.804482425423952	16.46
1055	4	56.47251949095973	16.3598171549432	16.46
1056	4	59.365987804100776	17.91515188446245	16.46
1057	4	62.25945611724183	19.470486613981695	16.46
1058	4	65.15292443038287	21.025821343500944	16.46
1059	4	33.22499821641271	0.6336548898041443	16.46
1060	4	36.11846652955376	2.1889896193233915	16.46
1061	4	39.01193484269479	3.7443243488426394	16.46
1062	4	41.90540315583584	5.299659078361887	16.46
1063	4	44.798871468976884	6.854993807881133	16.46
1064	4	47.692339782117934	8.410328537400382	16.46
1065	4	50.58580809525898	9.965663266919629	16.46
1066	4	53.47927640840001	11.520997996438878	16.46
1067	4	56.372744721541075	13.076332725958125	16.46
1068	4	59.26621303468212	14.631667455477372	16.46
1069	4	62.159681347823174	16.18700218499662	16.46
1070	4	38.91216007327614	0.4608399198575626	16.46
1071	4	41.80562838641719	2.01617464937681	16.46
1072	4	44.699096699558226	3.571509378896058	16.46
1073	4	47.592565012699275	5.126844108415305	16.46
1074	4	50.48603332584033	6.6821788379345515	16.46
1075	4	53.37950163898135	8.237513567453801	16.46
1076	4	56.272969952122416	9.792848296973048	16.46
1077	4	59.16643826526346	11.348183026492293	16.46
1078	4	44.599321930139574	0.28802494991098077	16.46
1079	4	47.49279024328062	1.8433596794302283	16.46
1080	4	50.38625855642167	3.398694408949476	16.46
1081	4	53.27972686956271	4.954029138468723	16.46
1082	4	56.17319518270376	6.50936386798797	16.46
1083	4	50.286483787003014	0.1152099799643989	16.46
1084	4	53.17995210014405	1.6705447094836463	16.46
1085	5	27.93693543722388	45.162312146040364	18.119314617545452
1086	5	30.830403750364933	46.71764687555961	18.119314617545452
1087	5	24.943692354664183	40.323492987536035	18.119314617545452
1088	5	27.83716066780522	41.87882771705528	18.119314617545452
1089	5	30.730628980946275	43.434162446574526	18.119314617545452
1090	5	33.62409729408732	44.98949717609378	18.119314617545452
1091	5	36.51756560722837	46.54483190561302	18.119314617545452
1092	5	21.950449272104482	35.48467382903171	18.119314617545452
1093	5	24.843917585245528	37.04000855855096	18.119314617545452
1094	5	27.73738589838657	38.59534328807021	18.119314617545452
1095	5	30.630854211527623	40.150678017589456	18.119314617545452
1096	5	33.52432252466866	41.706012747108694	18.119314617545452
1097	5	36.41779083780971	43.26134747662795	18.119314617545452
1098	5	39.311259150950754	44.8166822061472	18.119314617545452
1099	5	42.20472746409181	46.37201693566644	18.119314617545452
1100	5	18.95720618954478	30.645854670527388	18.119314617545452
1101	5	21.850674502685827	32.20118940004663	18.119314617545452
1102	5	24.744142815826873	33.75652412956588	18.119314617545452
1103	5	27.63761112896791	35.311858859085135	18.119314617545452
1104	5	30.531079442108965	36.86719358860437	18.119314617545452
1105	5	33.42454775525001	38.422528318123625	18.119314617545452
1106	5	36.31801606839106	39.97786304764288	18.119314617545452
1107	5	39.211484381532095	41.533197777162115	18.119314617545452
1108	5	42.10495269467315	43.08853250668136	18.119314617545452
1109	5	44.998421007814194	44.64386723620061	18.119314617545452
1110	5	47.89188932095524	46.19920196571986	18.119314617545452
1111	5	15.963963106985078	25.80703551202306	18.119314617545452
1112	5	18.857431420126126	27.362370241542312	18.119314617545452
1113	5	21.750899733267172	28.91770497106156	18.119314617545452
1114	5	24.644368046408214	30.473039700580802	18.119314617545452
1115	5	27.537836359549257	32.02837443010005	18.119314617545452
1116	5	30.431304672690306	33.5837091596193	18.119314617545452
1117	5	33.32477298583135	35.13904388913855	18.119314617545452
1118	5	36.2182412989724	36.694378618657794	18.119314617545452
1119	5	39.111709612113444	38.249713348177046	18.119314617545452
1120	5	42.00517792525449	39.80504807769629	18.119314617545452
1121	5	44.898646238395536	41.36038280721554	18.119314617545452
1122	5	47.79211455153658	42.91571753673478	18.119314617545452
1123	5	50.68558286467763	44.47105226625403	18.119314617545452
1124	5	53.57905117781867	46.02638699577328	18.119314617545452
1125	5	12.970720024425376	20.968216353518738	18.119314617545452
1126	5	15.864188337566421	22.523551083037987	18.119314617545452
1127	5	18.757656650707467	24.078885812557232	18.119314617545452
1128	5	21.651124963848513	25.63422054207648	18.119314617545452
1129	5	24.54459327698956	27.189555271595726	18.119314617545452
1130	5	27.438061590130598	28.744890001114978	18.119314617545452
1131	5	30.33152990327165	30.300224730634223	18.119314617545452
1132	5	33.2249982164127	31.855559460153465	18.119314617545452
1133	5	36.11846652955374	33.410894189672725	18.119314617545452
1134	5	39.011934842694785	34.96622891919196	18.119314617545452
1135	5	41.905403155835835	36.52156364871121	18.119314617545452
1136	5	44.79887146897688	38.07689837823047	18.119314617545452
1137	5	47.69233978211793	39.632233107749705	18.119314617545452
1138	5	50.58580809525897	41.18756783726895	18.119314617545452
1139	5	53.47927640840001	42.7429025667882	18.119314617545452
1140	5	56.37274472154107	44.29823729630745	18.119314617545452
1141	5	59.26621303468212	45.85357202582669	18.119314617545452
1142	5	9.977476941865673	16.129397195014413	18.119314617545452
1143	5	12.870945255006719	17.68473192453366	18.119314617545452
1144	5	15.764413568147766	19.24006665405291	18.119314617545452
1145	5	18.657881881288812	20.795401383572155	18.119314617545452
1146	5	21.551350194429858	22.350736113091404	18.119314617545452
1147	5	24.444818507570904	23.90607084261065	18.119314617545452
1148	5	27.338286820711946	25.461405572129898	18.119314617545452
1149	5	30.231755133852992	27.016740301649143	18.119314617545452
1150	5	33.12522344699404	28.572075031168392	18.119314617545452
1151	5	36.01869176013509	30.127409760687645	18.119314617545452
1152	5	38.912160073276134	31.682744490206886	18.119314617545452
1153	5	41.805628386417176	33.23807921972614	18.119314617545452
1154	5	44.69909669955822	34.793413949245384	18.119314617545452
1155	5	47.59256501269927	36.34874867876463	18.119314617545452
1156	5	50.48603332584032	37.90408340828388	18.119314617545452
1157	5	53.37950163898135	39.45941813780313	18.119314617545452
1158	5	56.27296995212241	41.01475286732237	18.119314617545452
1159	5	59.16643826526346	42.57008759684162	18.119314617545452
1160	5	62.059906578404515	44.12542232636087	18.119314617545452
1161	5	64.95337489154555	45.680757055880115	18.119314617545452
1162	5	6.98423385930597	11.290578036510091	18.119314617545452
1163	5	9.877702172447016	12.845912766029336	18.119314617545452
1164	5	12.771170485588064	14.401247495548587	18.119314617545452
1165	5	15.664638798729111	15.95658222506783	18.119314617545452
1166	5	18.558107111870157	17.51191695458708	18.119314617545452
1167	5	21.451575425011203	19.067251684106328	18.119314617545452
1168	5	24.345043738152246	20.622586413625573	18.119314617545452
1169	5	27.238512051293288	22.17792114314482	18.119314617545452
1170	5	30.13198036443434	23.733255872664067	18.119314617545452
1171	5	33.02544867757539	25.288590602183316	18.119314617545452
1172	5	35.91891699071643	26.843925331702565	18.119314617545452
1173	5	38.812385303857475	28.399260061221813	18.119314617545452
1174	5	41.705853616998525	29.95459479074106	18.119314617545452
1175	5	44.59932193013957	31.509929520260307	18.119314617545452
1176	5	47.49279024328061	33.06526424977956	18.119314617545452
1177	5	50.38625855642166	34.6205989792988	18.119314617545452
1178	5	53.27972686956271	36.17593370881805	18.119314617545452
1179	5	56.17319518270375	37.731268438337295	18.119314617545452
1180	5	59.0666634958448	39.28660316785654	18.119314617545452
1181	5	61.96013180898586	40.84193789737579	18.119314617545452
1182	5	64.85360012212689	42.39727262689504	18.119314617545452
1183	5	67.74706843526793	43.95260735641428	18.119314617545452
1184	5	70.64053674840899	45.507942085933536	18.119314617545452
1185	5	3.99099077674627	6.451758878005765	18.119314617545452
1186	5	6.884459089887314	8.007093607525013	18.119314617545452
1187	5	9.777927403028361	9.562428337044262	18.119314617545452
1188	5	12.671395716169407	11.117763066563507	18.119314617545452
1189	5	15.564864029310455	12.673097796082756	18.119314617545452
1190	5	18.4583323424515	14.228432525602004	18.119314617545452
1191	5	21.351800655592548	15.78376725512125	18.119314617545452
1192	5	24.24526896873359	17.339101984640497	18.119314617545452
1193	5	27.13873728187463	18.894436714159745	18.119314617545452
1194	5	30.032205595015682	20.449771443678994	18.119314617545452
1195	5	32.92567390815673	22.005106173198243	18.119314617545452
1196	5	35.81914222129778	23.560440902717485	18.119314617545452
1197	5	38.712610534438824	25.115775632236733	18.119314617545452
1198	5	41.606078847579866	26.67111036175598	18.119314617545452
1199	5	44.49954716072091	28.226445091275234	18.119314617545452
1200	5	47.39301547386196	29.781779820794476	18.119314617545452
1201	5	50.28648378700301	31.33711455031372	18.119314617545452
1202	5	53.17995210014405	32.892449279832974	18.119314617545452
1203	5	56.0734204132851	34.44778400935222	18.119314617545452
1204	5	58.966888726426156	36.003118738871464	18.119314617545452
1205	5	61.8603570395672	37.55845346839072	18.119314617545452
1206	5	64.75382535270823	39.11378819790996	18.119314617545452
1207	5	67.64729366584928	40.66912292742921	18.119314617545452
1208	5	70.54076197899033	42.22445765694845	18.119314617545452
1209	5	73.43423029213137	43.779792386467705	18.119314617545452
1210	5	76.32769860527242	45.33512711598695	18.119314617545452
1211	5	0.9977476941865675	1.6129397195014412	18.119314617545452
1212	5	3.8912160073276145	3.168274449020689	18.119314617545452
1213	5	6.784684320468657	4.723609178539936	18.119314617545452
1214	5	9.678152633609706	6.278943908059183	18.119314617545452
1215	5	12.571620946750752	7.83427863757843	18.119314617545452
1216	5	15.465089259891796	9.38961336709768	18.119314617545452
1217	5	18.358557573032844	10.944948096616926	18.119314617545452
1218	5	21.252025886173893	12.500282826136175	18.119314617545452
1219	5	24.145494199314935	14.05561755565542	18.119314617545452
1220	5	27.038962512455974	15.610952285174667	18.119314617545452
1221	5	29.93243082559703	17.166287014693918	18.119314617545452
1222	5	32.82589913873807	18.721621744213163	18.119314617545452
1223	5	35.71936745187912	20.276956473732408	18.119314617545452
1224	5	38.612835765020165	21.83229120325166	18.119314617545452
1225	5	41.506304078161214	23.387625932770906	18.119314617545452
1226	5	44.39977239130226	24.94296066229015	18.119314617545452
1227	5	47.2932407044433	26.4982953918094	18.119314617545452
1228	5	50.18670901758435	28.05363012132865	18.119314617545452
1229	5	53.08017733072539	29.608964850847897	18.119314617545452
1230	5	55.97364564386644	31.164299580367143	18.119314617545452
1231	5	58.8671139570075	32.71963430988639	18.119314617545452
1232	5	61.760582270148554	34.27496903940564	18.119314617545452
1233	5	64.65405058328957	35.830303768924885	18.119314617545452
1234	5	67.54751889643062	37.38563849844413	18.119314617545452
1235	5	70.44098720957167	38.94097322796338	18.119314617545452
1236	5	73.33445552271272	40.49630795748263	18.119314617545452
1237	5	76.22792383585376	42.051642687001866	18.119314617545452
1238	5	79.1213921489948	43.606977416521126	18.119314617545452
1239	5	6.684909551050001	1.4401247495548597	18.119314617545452
1240	5	9.578377864191047	2.995459479074107	18.119314617545452
1241	5	12.471846177332095	4.550794208593355	18.119314617545452
1242	5	15.365314490473141	6.106128938112602	18.119314617545452
1243	5	18.25878280361419	7.661463667631849	18.119314617545452
1244	5	21.152251116755235	9.216798397151098	18.119314617545452
1245	5	24.045719429896277	10.772133126670346	18.119314617545452
1246	5	26.939187743037316	12.32746785618959	18.119314617545452
1247	5	29.832656056178372	13.882802585708841	18.119314617545452
1248	5	32.72612436931942	15.438137315228085	18.119314617545452
1249	5	35.619592682460464	16.993472044747335	18.119314617545452
1250	5	38.513060995601506	18.548806774266584	18.119314617545452
1251	5	41.406529308742556	20.10414150378583	18.119314617545452
1252	5	44.2999976218836	21.659476233305075	18.119314617545452
1253	5	47.19346593502465	23.214810962824323	18.119314617545452
1254	5	50.0869342481657	24.770145692343572	18.119314617545452
1255	5	52.98040256130673	26.325480421862817	18.119314617545452
1256	5	55.87387087444778	27.880815151382066	18.119314617545452
1257	5	58.76733918758884	29.43614988090131	18.119314617545452
1258	5	61.660807500729895	30.99148461042056	18.119314617545452
1259	5	64.55427581387093	32.54681933993981	18.119314617545452
1260	5	67.44774412701197	34.102154069459054	18.119314617545452
1261	5	70.34121244015303	35.65748879897831	18.119314617545452
1262	5	73.23468075329406	37.21282352849755	18.119314617545452
1263	5	76.1281490664351	38.7681582580168	18.119314617545452
1264	5	12.372071407913438	1.2673097796082777	18.119314617545452
1265	5	15.265539721054484	2.8226445091275254	18.119314617545452
1266	5	18.159008034195534	4.377979238646772	18.119314617545452
1267	5	21.052476347336576	5.93331396816602	18.119314617545452
1268	5	23.945944660477622	7.488648697685267	18.119314617545452
1269	5	26.839412973618664	9.043983427204516	18.119314617545452
1270	5	29.732881286759714	10.599318156723763	18.119314617545452
1271	5	32.62634959990076	12.15465288624301	18.119314617545452
1272	5	35.519817913041805	13.709987615762257	18.119314617545452
1273	5	38.41328622618285	15.265322345281504	18.119314617545452
1274	5	41.306754539323904	16.820657074800753	18.119314617545452
1275	5	44.20022285246494	18.37599180432	18.119314617545452
1276	5	47.09369116560599	19.931326533839247	18.119314617545452
1277	5	49.98715947874704	21.486661263358496	18.119314617545452
1278	5	52.880627791888074	23.04199599287774	18.119314617545452
1279	5	55.77409610502912	24.59733072239699	18.119314617545452
1280	5	58.66756441817018	26.152665451916235	18.119314617545452
1281	5	61.56103273131123	27.708000181435487	18.119314617545452
1282	5	64.45450104445227	29.263334910954732	18.119314617545452
1283	5	67.34796935759331	30.818669640473974	18.119314617545452
1284	5	70.24143767073437	32.37400436999323	18.119314617545452
1285	5	73.13490598387541	33.929339099512475	18.119314617545452
1286	5	18.05923326477688	1.0944948096616958	18.119314617545452
1287	5	20.95270157791792	2.6498295391809434	18.119314617545452
1288	5	23.846169891058967	4.205164268700191	18.119314617545452
1289	5	26.739638204200006	5.760498998219439	18.119314617545452
1290	5	29.63310651734106	7.315833727738686	18.119314617545452
1291	5	32.526574830482105	8.871168457257934	18.119314617545452
1292	5	35.42004314362315	10.42650318677718	18.119314617545452
1293	5	38.31351145676419	11.981837916296428	18.119314617545452
1294	5	41.206979769905246	13.537172645815678	18.119314617545452
1295	5	44.10044808304629	15.092507375334922	18.119314617545452
1296	5	46.99391639618734	16.64784210485417	18.119314617545452
1297	5	49.88738470932838	18.20317683437342	18.119314617545452
1298	5	52.78085302246942	19.758511563892664	18.119314617545452
1299	5	55.674321335610465	21.313846293411913	18.119314617545452
1300	5	58.56778964875152	22.86918102293116	18.119314617545452
1301	5	61.46125796189257	24.424515752450407	18.119314617545452
1302	5	64.35472627503361	25.979850481969653	18.119314617545452
1303	5	67.24819458817466	27.5351852114889	18.119314617545452
1304	5	70.14166290131571	29.09051994100815	18.119314617545452
1305	5	23.74639512164031	0.9216798397151141	18.119314617545452
1306	5	26.639863434781354	2.4770145692343615	18.119314617545452
1307	5	29.5333317479224	4.032349298753609	18.119314617545452
1308	5	32.426800061063446	5.587684028272856	18.119314617545452
1309	5	35.320268374204495	7.1430187577921025	18.119314617545452
1310	5	38.21373668734554	8.698353487311353	18.119314617545452
1311	5	41.10720500048659	10.253688216830598	18.119314617545452
1312	5	44.00067331362763	11.809022946349847	18.119314617545452
1313	5	46.89414162676868	13.364357675869094	18.119314617545452
1314	5	49.78760993990972	14.919692405388341	18.119314617545452
1315	5	52.681078253050764	16.475027134907588	18.119314617545452
1316	5	55.57454656619182	18.030361864426837	18.119314617545452
1317	5	58.46801487933288	19.585696593946082	18.119314617545452
1318	5	61.36148319247391	21.14103132346533	18.119314617545452
1319	5	64.25495150561495	22.696366052984576	18.119314617545452
1320	5	67.148419818756	24.251700782503825	18.119314617545452
1321	5	29.43355697850375	0.7488648697685323	18.119314617545452
1322	5	32.327025291644794	2.3041995992877795	18.119314617545452
1323	5	35.22049360478584	3.8595343288070274	18.119314617545452
1324	5	38.11396191792688	5.414869058326275	18.119314617545452
1325	5	41.007430231067936	6.970203787845521	18.119314617545452
1326	5	43.90089854420898	8.52553851736477	18.119314617545452
1327	5	46.79436685735002	10.080873246884018	18.119314617545452
1328	5	49.68783517049106	11.636207976403263	18.119314617545452
1329	5	52.581303483632105	13.191542705922512	18.119314617545452
1330	5	55.47477179677316	14.746877435441759	18.119314617545452
1331	5	58.36824010991422	16.30221216496101	18.119314617545452
1332	5	61.26170842305527	17.857546894480254	18.119314617545452
1333	5	64.15517673619631	19.4128816239995	18.119314617545452
1334	5	35.120718835367185	0.5760498998219504	18.119314617545452
1335	5	38.01418714850823	2.131384629341198	18.119314617545452
1336	5	40.90765546164928	3.6867193588604454	18.119314617545452
1337	5	43.80112377479032	5.2420540883796924	18.119314617545452
1338	5	46.69459208793136	6.7973888178989395	18.119314617545452
1339	5	49.58806040107241	8.352723547418188	18.119314617545452
1340	5	52.48152871421345	9.908058276937435	18.119314617545452
1341	5	55.3749970273545	11.463393006456682	18.119314617545452
1342	5	58.26846534049556	13.018727735975931	18.119314617545452
1343	5	61.16193365363661	14.574062465495174	18.119314617545452
1344	5	40.807880692230626	0.4032349298753685	18.119314617545452
1345	5	43.70134900537166	1.958569659394616	18.119314617545452
1346	5	46.5948173185127	3.513904388913864	18.119314617545452
1347	5	49.48828563165375	5.069239118433111	18.119314617545452
1348	5	52.381753944794795	6.624573847952358	18.119314617545452
1349	5	55.275222257935845	8.179908577471606	18.119314617545452
1350	5	58.1686905710769	9.735243306990853	18.119314617545452
1351	5	46.49504254909405	0.23041995992878686	18.119314617545452
1352	5	49.3885108622351	1.7857546894480345	18.119314617545452
1353	5	52.28197917537614	3.3410894189672824	18.119314617545452
1354	5	55.1754474885172	4.8964241484865285	18.119314617545452
1355	5	52.182204405957485	0.057604989982205194	18.119314617545452
1356	6	27.93693543722388	45.162312146040364	14.800685382454553
1357	6	30.830403750364933	46.71764687555961	14.800685382454553
1358	6	24.943692354664183	40.323492987536035	14.800685382454553
1359	6	27.83716066780522	41.87882771705528	14.800685382454553
1360	6	30.730628980946275	43.434162446574526	14.800685382454553
1361	6	33.62409729408732	44.98949717609378	14.800685382454553
1362	6	36.51756560722837	46.54483190561302	14.800685382454553
1363	6	21.950449272104482	35.48467382903171	14.800685382454553
1364	6	24.843917585245528	37.04000855855096	14.800685382454553
1365	6	27.73738589838657	38.59534328807021	14.800685382454553
1366	6	30.630854211527623	40.150678017589456	14.800685382454553
1367	6	33.52432252466866	41.706012747108694	14.800685382454553
1368	6	36.41779083780971	43.26134747662795	14.800685382454553
1369	6	39.311259150950754	44.8166822061472	14.800685382454553
1370	6	42.20472746409181	46.37201693566644	14.800685382454553
1371	6	18.95720618954478	30.645854670527388	14.800685382454553
1372	6	21.850674502685827	32.20118940004663	14.800685382454553
1373	6	24.744142815826873	33.75652412956588	14.800685382454553
1374	6	27.63761112896791	35.311858859085135	14.800685382454553
1375	6	30.531079442108965	36.86719358860437	14.800685382454553
1376	6	33.42454775525001	38.422528318123625	14.800685382454553
1377	6	36.31801606839106	39.97786304764288	14.800685382454553
1378	6	39.211484381532095	41.533197777162115	14.800685382454553
1379	6	42.10495269467315	43.08853250668136	14.800685382454553
1380	6	44.998421007814194	44.64386723620061	14.800685382454553
1381	6	47.89188932095524	46.19920196571986	14.800685382454553
1382	6	15.963963106985078	25.80703551202306	14.800685382454553
1383	6	18.857431420126126	27.362370241542312	14.800685382454553
1384	6	21.750899733267172	28.91770497106156	14.800685382454553
1385	6	24.644368046408214	30.473039700580802	14.800685382454553
1386	6	27.537836359549257	32.02837443010005	14.800685382454553
1387	6	30.431304672690306	33.5837091596193	14.800685382454553
1388	6	33.32477298583135	35.13904388913855	14.800685382454553
1389	6	36.2182412989724	36.694378618657794	14.800685382454553
1390	6	39.111709612113444	38.249713348177046	14.800685382454553
1391	6	42.00517792525449	39.80504807769629	14.800685382454553
1392	6	44.898646238395536	41.36038280721554	14.800685382454553
1393	6	47.79211455153658	42.91571753673478	14.800685382454553
1394	6	50.68558286467763	44.47105226625403	14.800685382454553
1395	6	53.57905117781867	46.02638699577328	14.800685382454553
1396	6	12.970720024425376	20.968216353518738	14.800685382454553
1397	6	15.864188337566421	22.523551083037987	14.800685382454553
1398	6	18.757656650707467	24.078885812557232	14.800685382454553
1399	6	21.651124963848513	25.63422054207648	14.800685382454553
1400	6	24.54459327698956	27.189555271595726	14.800685382454553
1401	6	27.438061590130598	28.744890001114978	14.800685382454553
1402	6	30.33152990327165	30.300224730634223	14.800685382454553
1403	6	33.2249982164127	31.855559460153465	14.800685382454553
1404	6	36.11846652955374	33.410894189672725	14.800685382454553
1405	6	39.011934842694785	34.96622891919196	14.800685382454553
1406	6	41.905403155835835	36.52156364871121	14.800685382454553
1407	6	44.79887146897688	38.07689837823047	14.800685382454553
1408	6	47.69233978211793	39.632233107749705	14.800685382454553
1409	6	50.58580809525897	41.18756783726895	14.800685382454553
1410	6	53.47927640840001	42.7429025667882	14.800685382454553
1411	6	56.37274472154107	44.29823729630745	14.800685382454553
1412	6	59.26621303468212	45.85357202582669	14.800685382454553
1413	6	9.977476941865673	16.129397195014413	14.800685382454553
1414	6	12.870945255006719	17.68473192453366	14.800685382454553
1415	6	15.764413568147766	19.24006665405291	14.800685382454553
1416	6	18.657881881288812	20.795401383572155	14.800685382454553
1417	6	21.551350194429858	22.350736113091404	14.800685382454553
1418	6	24.444818507570904	23.90607084261065	14.800685382454553
1419	6	27.338286820711946	25.461405572129898	14.800685382454553
1420	6	30.231755133852992	27.016740301649143	14.800685382454553
1421	6	33.12522344699404	28.572075031168392	14.800685382454553
1422	6	36.01869176013509	30.127409760687645	14.800685382454553
1423	6	38.912160073276134	31.682744490206886	14.800685382454553
1424	6	41.805628386417176	33.23807921972614	14.800685382454553
1425	6	44.69909669955822	34.793413949245384	14.800685382454553
1426	6	47.59256501269927	36.34874867876463	14.800685382454553
1427	6	50.48603332584032	37.90408340828388	14.800685382454553
1428	6	53.37950163898135	39.45941813780313	14.800685382454553
1429	6	56.27296995212241	41.01475286732237	14.800685382454553
1430	6	59.16643826526346	42.57008759684162	14.800685382454553
1431	6	62.059906578404515	44.12542232636087	14.800685382454553
1432	6	64.95337489154555	45.680757055880115	14.800685382454553
1433	6	6.98423385930597	11.290578036510091	14.800685382454553
1434	6	9.877702172447016	12.845912766029336	14.800685382454553
1435	6	12.771170485588064	14.401247495548587	14.800685382454553
1436	6	15.664638798729111	15.95658222506783	14.800685382454553
1437	6	18.558107111870157	17.51191695458708	14.800685382454553
1438	6	21.451575425011203	19.067251684106328	14.800685382454553
1439	6	24.345043738152246	20.622586413625573	14.800685382454553
1440	6	27.238512051293288	22.17792114314482	14.800685382454553
1441	6	30.13198036443434	23.733255872664067	14.800685382454553
1442	6	33.02544867757539	25.288590602183316	14.800685382454553
1443	6	35.91891699071643	26.843925331702565	14.800685382454553
1444	6	38.812385303857475	28.399260061221813	14.800685382454553
1445	6	41.705853616998525	29.95459479074106	14.800685382454553
1446	6	44.59932193013957	31.509929520260307	14.800685382454553
1447	6	47.49279024328061	33.06526424977956	14.800685382454553
1448	6	50.38625855642166	34.6205989792988	14.800685382454553
1449	6	53.27972686956271	36.17593370881805	14.800685382454553
1450	6	56.17319518270375	37.731268438337295	14.800685382454553
1451	6	59.0666634958448	39.28660316785654	14.800685382454553
1452	6	61.96013180898586	40.84193789737579	14.800685382454553
1453	6	64.85360012212689	42.39727262689504	14.800685382454553
1454	6	67.74706843526793	43.95260735641428	14.800685382454553
1455	6	70.64053674840899	45.507942085933536	14.800685382454553
1456	6	3.99099077674627	6.451758878005765	14.800685382454553
1457	6	6.884459089887314	8.007093607525013	14.800685382454553
1458	6	9.777927403028361	9.562428337044262	14.800685382454553
1459	6	12.671395716169407	11.117763066563507	14.800685382454553
1460	6	15.564864029310455	12.673097796082756	14.800685382454553
1461	6	18.4583323424515	14.228432525602004	14.800685382454553
1462	6	21.351800655592548	15.78376725512125	14.800685382454553
1463	6	24.24526896873359	17.339101984640497	14.800685382454553
1464	6	27.13873728187463	18.894436714159745	14.800685382454553
1465	6	30.032205595015682	20.449771443678994	14.800685382454553
1466	6	32.92567390815673	22.005106173198243	14.800685382454553
1467	6	35.81914222129778	23.560440902717485	14.800685382454553
1468	6	38.712610534438824	25.115775632236733	14.800685382454553
1469	6	41.606078847579866	26.67111036175598	14.800685382454553
1470	6	44.49954716072091	28.226445091275234	14.800685382454553
1471	6	47.39301547386196	29.781779820794476	14.800685382454553
1472	6	50.28648378700301	31.33711455031372	14.800685382454553
1473	6	53.17995210014405	32.892449279832974	14.800685382454553
1474	6	56.0734204132851	34.44778400935222	14.800685382454553
1475	6	58.966888726426156	36.003118738871464	14.800685382454553
1476	6	61.8603570395672	37.55845346839072	14.800685382454553
1477	6	64.75382535270823	39.11378819790996	14.800685382454553
1478	6	67.64729366584928	40.66912292742921	14.800685382454553
1479	6	70.54076197899033	42.22445765694845	14.800685382454553
1480	6	73.43423029213137	43.779792386467705	14.800685382454553
1481	6	76.32769860527242	45.33512711598695	14.800685382454553
1482	6	0.9977476941865675	1.6129397195014412	14.800685382454553
1483	6	3.8912160073276145	3.168274449020689	14.800685382454553
1484	6	6.784684320468657	4.723609178539936	14.800685382454553
1485	6	9.678152633609706	6.278943908059183	14.800685382454553
1486	6	12.571620946750752	7.83427863757843	14.800685382454553
1487	6	15.465089259891796	9.38961336709768	14.800685382454553
1488	6	18.358557573032844	10.944948096616926	14.800685382454553
1489	6	21.252025886173893	12.500282826136175	14.800685382454553
1490	6	24.145494199314935	14.05561755565542	14.800685382454553
1491	6	27.038962512455974	15.610952285174667	14.800685382454553
1492	6	29.93243082559703	17.166287014693918	14.800685382454553
1493	6	32.82589913873807	18.721621744213163	14.800685382454553
1494	6	35.71936745187912	20.276956473732408	14.800685382454553
1495	6	38.612835765020165	21.83229120325166	14.800685382454553
1496	6	41.506304078161214	23.387625932770906	14.800685382454553
1497	6	44.39977239130226	24.94296066229015	14.800685382454553
1498	6	47.2932407044433	26.4982953918094	14.800685382454553
1499	6	50.18670901758435	28.05363012132865	14.800685382454553
1500	6	53.08017733072539	29.608964850847897	14.800685382454553
1501	6	55.97364564386644	31.164299580367143	14.800685382454553
1502	6	58.8671139570075	32.71963430988639	14.800685382454553
1503	6	61.760582270148554	34.27496903940564	14.800685382454553
1504	6	64.65405058328957	35.830303768924885	14.800685382454553
1505	6	67.54751889643062	37.38563849844413	14.800685382454553
1506	6	70.44098720957167	38.94097322796338	14.800685382454553
1507	6	73.33445552271272	40.49630795748263	14.800685382454553
1508	6	76.22792383585376	42.051642687001866	14.800685382454553
1509	6	79.1213921489948	43.606977416521126	14.800685382454553
1510	6	6.684909551050001	1.4401247495548597	14.800685382454553
1511	6	9.578377864191047	2.995459479074107	14.800685382454553
1512	6	12.471846177332095	4.550794208593355	14.800685382454553
1513	6	15.365314490473141	6.106128938112602	14.800685382454553
1514	6	18.25878280361419	7.661463667631849	14.800685382454553
1515	6	21.152251116755235	9.216798397151098	14.800685382454553
1516	6	24.045719429896277	10.772133126670346	14.800685382454553
1517	6	26.939187743037316	12.32746785618959	14.800685382454553
1518	6	29.832656056178372	13.882802585708841	14.800685382454553
1519	6	32.72612436931942	15.438137315228085	14.800685382454553
1520	6	35.619592682460464	16.993472044747335	14.800685382454553
1521	6	38.513060995601506	18.548806774266584	14.800685382454553
1522	6	41.406529308742556	20.10414150378583	14.800685382454553
1523	6	44.2999976218836	21.659476233305075	14.800685382454553
1524	6	47.19346593502465	23.214810962824323	14.800685382454553
1525	6	50.0869342481657	24.770145692343572	14.800685382454553
1526	6	52.98040256130673	26.325480421862817	14.800685382454553
1527	6	55.87387087444778	27.880815151382066	14.800685382454553
1528	6	58.76733918758884	29.43614988090131	14.800685382454553
1529	6	61.660807500729895	30.99148461042056	14.800685382454553
1530	6	64.55427581387093	32.54681933993981	14.800685382454553
1531	6	67.44774412701197	34.102154069459054	14.800685382454553
1532	6	70.34121244015303	35.65748879897831	14.800685382454553
1533	6	73.23468075329406	37.21282352849755	14.800685382454553
1534	6	76.1281490664351	38.7681582580168	14.800685382454553
1535	6	12.372071407913438	1.2673097796082777	14.800685382454553
1536	6	15.265539721054484	2.8226445091275254	14.800685382454553
1537	6	18.159008034195534	4.377979238646772	14.800685382454553
1538	6	21.052476347336576	5.93331396816602	14.800685382454553
1539	6	23.945944660477622	7.488648697685267	14.800685382454553
1540	6	26.839412973618664	9.043983427204516	14.800685382454553
1541	6	29.732881286759714	10.599318156723763	14.800685382454553
1542	6	32.62634959990076	12.15465288624301	14.800685382454553
1543	6	35.519817913041805	13.709987615762257	14.800685382454553
1544	6	38.41328622618285	15.265322345281504	14.800685382454553
1545	6	41.306754539323904	16.820657074800753	14.800685382454553
1546	6	44.20022285246494	18.37599180432	14.800685382454553
1547	6	47.09369116560599	19.931326533839247	14.800685382454553
1548	6	49.98715947874704	21.486661263358496	14.800685382454553
1549	6	52.880627791888074	23.04199599287774	14.800685382454553
1550	6	55.77409610502912	24.59733072239699	14.800685382454553
1551	6	58.66756441817018	26.152665451916235	14.800685382454553
1552	6	61.56103273131123	27.708000181435487	14.800685382454553
1553	6	64.45450104445227	29.263334910954732	14.800685382454553
1554	6	67.34796935759331	30.818669640473974	14.800685382454553
1555	6	70.24143767073437	32.37400436999323	14.800685382454553
1556	6	73.13490598387541	33.929339099512475	14.800685382454553
1557	6	18.05923326477688	1.0944948096616958	14.800685382454553
1558	6	20.95270157791792	2.6498295391809434	14.800685382454553
1559	6	23.846169891058967	4.205164268700191	14.800685382454553
1560	6	26.739638204200006	5.760498998219439	14.800685382454553
1561	6	29.63310651734106	7.315833727738686	14.800685382454553
1562	6	32.526574830482105	8.871168457257934	14.800685382454553
1563	6	35.42004314362315	10.42650318677718	14.800685382454553
1564	6	38.31351145676419	11.981837916296428	14.800685382454553
1565	6	41.206979769905246	13.537172645815678	14.800685382454553
1566	6	44.10044808304629	15.092507375334922	14.800685382454553
1567	6	46.99391639618734	16.64784210485417	14.800685382454553
1568	6	49.88738470932838	18.20317683437342	14.800685382454553
1569	6	52.78085302246942	19.758511563892664	14.800685382454553
1570	6	55.674321335610465	21.313846293411913	14.800685382454553
1571	6	58.56778964875152	22.86918102293116	14.800685382454553
1572	6	61.46125796189257	24.424515752450407	14.800685382454553
1573	6	64.35472627503361	25.979850481969653	14.800685382454553
1574	6	67.24819458817466	27.5351852114889	14.800685382454553
1575	6	70.14166290131571	29.09051994100815	14.800685382454553
1576	6	23.74639512164031	0.9216798397151141	14.800685382454553
1577	6	26.639863434781354	2.4770145692343615	14.800685382454553
1578	6	29.5333317479224	4.032349298753609	14.800685382454553
1579	6	32.426800061063446	5.587684028272856	14.800685382454553
1580	6	35.320268374204495	7.1430187577921025	14.800685382454553
1581	6	38.21373668734554	8.698353487311353	14.800685382454553
1582	6	41.10720500048659	10.253688216830598	14.800685382454553
1583	6	44.00067331362763	11.809022946349847	14.800685382454553
1584	6	46.89414162676868	13.364357675869094	14.800685382454553
1585	6	49.78760993990972	14.919692405388341	14.800685382454553
1586	6	52.681078253050764	16.475027134907588	14.800685382454553
1587	6	55.57454656619182	18.030361864426837	14.800685382454553
1588	6	58.46801487933288	19.585696593946082	14.800685382454553
1589	6	61.36148319247391	21.14103132346533	14.800685382454553
1590	6	64.25495150561495	22.696366052984576	14.800685382454553
1591	6	67.148419818756	24.251700782503825	14.800685382454553
1592	6	29.43355697850375	0.7488648697685323	14.800685382454553
1593	6	32.327025291644794	2.3041995992877795	14.800685382454553
1594	6	35.22049360478584	3.8595343288070274	14.800685382454553
1595	6	38.11396191792688	5.414869058326275	14.800685382454553
1596	6	41.007430231067936	6.970203787845521	14.800685382454553
1597	6	43.90089854420898	8.52553851736477	14.800685382454553
1598	6	46.79436685735002	10.080873246884018	14.800685382454553
1599	6	49.68783517049106	11.636207976403263	14.800685382454553
1600	6	52.581303483632105	13.191542705922512	14.800685382454553
1601	6	55.47477179677316	14.746877435441759	14.800685382454553
1602	6	58.36824010991422	16.30221216496101	14.800685382454553
1603	6	61.26170842305527	17.857546894480254	14.800685382454553
1604	6	64.15517673619631	19.4128816239995	14.800685382454553
1605	6	35.120718835367185	0.5760498998219504	14.800685382454553
1606	6	38.01418714850823	2.131384629341198	14.800685382454553
1607	6	40.90765546164928	3.6867193588604454	14.800685382454553
1608	6	43.80112377479032	5.2420540883796924	14.800685382454553
1609	6	46.69459208793136	6.7973888178989395	14.800685382454553
1610	6	49.58806040107241	8.352723547418188	14.800685382454553
1611	6	52.48152871421345	9.908058276937435	14.800685382454553
1612	6	55.3749970273545	11.463393006456682	14.800685382454553
1613	6	58.26846534049556	13.018727735975931	14.800685382454553
1614	6	61.16193365363661	14.574062465495174	14.800685382454553
1615	6	40.807880692230626	0.4032349298753685	14.800685382454553
1616	6	43.70134900537166	1.958569659394616	14.800685382454553
1617	6	46.5948173185127	3.513904388913864	14.800685382454553
1618	6	49.48828563165375	5.069239118433111	14.800685382454553
1619	6	52.381753944794795	6.624573847952358	14.800685382454553
1620	6	55.275222257935845	8.179908577471606	14.800685382454553
1621	6	58.1686905710769	9.735243306990853	14.800685382454553
1622	6	46.49504254909405	0.23041995992878686	14.800685382454553
1623	6	49.3885108622351	1.7857546894480345	14.800685382454553
1624	6	52.28197917537614	3.3410894189672824	14.800685382454553
1625	6	55.1754474885172	4.8964241484865285	14.800685382454553
1626	6	52.182204405957485	0.057604989982205194	14.800685382454553