1 1     23.3279766040237     40.2203299411882     9.72614132583093
2 1     20.7153754624981     35.1638603528495     9.78754246752301
3 1      23.485194788846       36.93806325619     9.75213265172375
4 1     26.2497136063865     38.7169421814698      9.7394395114122
5 1     29.0123961692238     40.4949076080793     9.75218539620743
6 1     18.0616267846159     30.1315871391544     9.88283460545615
7 1     20.8535873857494     31.8878911468846     9.83724000505549
8 1     23.6325198453127     33.6563211351541     9.79853953209219
9 1     26.4021187724166     35.4319306883348     9.77640697186898
10 1     29.1665855640138     37.2087970014145     9.77648413291443
11 1     31.9292852360964     38.9806217658967     9.79879425715278
12 1     34.6931484931082     40.7408154867796     9.83746364118128
13 1     15.3501970700638     25.1322356389546     9.95350066040293
14 1     18.1680898487619     26.8672225512663     9.92533141156108
15 1     20.9726327610554     28.6147530161313     9.89006886000867
16 1     23.7628290029256      30.375038190372     9.85476225960761
17 1     26.5406595592381     32.1448337227408     9.82860859610346
18 1     29.3099624971128     33.9185859268303     9.81924215077306
19 1     32.0747168704884     35.6896819937366     9.82923774644821
20 1     34.8383584048367     37.4512124513912     9.85563827361762
21 1     37.6037318412259     39.1971751876543      9.8907194369278
22 1     40.3728810303553     40.9247458699577     9.92553603746879
23 1     12.6021627016092     20.1550327806226     9.97493198076428
24 1     15.4331382619947     21.8777840616114     9.97206581924304
25 1     18.2579945544648     23.6057451455648     9.95885929607454
26 1     21.0720389380195     25.3436939587453     9.93654457801865
27 1     23.8726126721808     27.0939436148447     9.90930888942908
28 1     26.6597643729677     28.8554166323351     9.88439420283373
29 1     29.4361264315956     30.6238267788094      9.8698028998881
30 1     32.2055737791709     32.3926897112481      9.8705449491866
31 1     34.9719950241437     34.1546883709402     9.88619509820971
32 1     37.7386329959543     35.9033146457355     9.91127044875994
33 1      40.507632848339      37.634632573357      9.9376401397451
34 1     43.2798395670271     39.3487974981065     9.95876485356148
35 1     46.0546823739759     41.0497975900205     9.97143624647662
36 1     9.85668186670492     15.1784842423289     9.94646642449683
37 1     12.6823729848228     16.9036840771232     9.96941706428286
38 1     15.5111855915254     18.6240166203863     9.98076142985329
39 1     18.3374860777375     20.3454770645466     9.98115882318588
40 1      21.156269844922     22.0737347504683     9.97144910279567
41 1     23.9638557795095     23.8128830636761     9.95382084150237
42 1     26.7588629010564     25.5641013521795     9.93341544802976
43 1     29.5424894869863     27.3249254417835     9.91746363353545
44 1      32.317833917374     29.0898278429696     9.91230587495088
45 1     35.0888856171086     30.8515272279294     9.91997315688367
46 1      37.859220620739     32.6027441553249     9.93710380984815
47 1     40.6313777416752     34.3385365602471     9.95695913648459
48 1     43.4063841931851     36.0574925171273     9.97265781566301
49 1     46.1837008298187     37.7622972193305     9.98023634611681
50 1     48.9618196832526     39.4586314647616     9.97845887035828
51 1     51.7389095884789     41.1536537126434     9.96718889177819
52 1     7.15199658148478     10.1805198893677     9.86980289988813
53 1     9.95574741623233     11.9220836658731     9.91746363353548
54 1     12.7705693371357     13.6500058505646     9.95500874057904
55 1     15.5918265503598      15.368858274995     9.97988801909423
56 1     18.4141850503972     17.0847183615197     9.99237623325911
57 1     21.2325484240042     18.8038771527086     9.99353127557808
58 1     24.0427562097223     20.5318160955698     9.98495034716905
59 1       26.84243071535     22.2717142619494     9.97008780579713
60 1     29.6315030342402     24.0232570588062     9.95500874057916
61 1      32.412147885859     25.7825184360862     9.94646642449679
62 1     35.1879607835822     27.5427615063375     9.94846475062743
63 1     37.9627442933586      29.296396098832      9.9601221150179
64 1     40.7394984742502     31.0372146975454     9.97592521973546
65 1     43.5195673964707     32.7622805504256      9.9890211149925
66 1     46.3025907085888     34.4726718035659      9.9944297998076
67 1     49.0868172914455     36.1729702234849     9.98985379320894
68 1     51.8699827694072     37.8698566832129     9.97461000266554
69 1     54.6498225118991     39.5707462025556     9.94846475062735
70 1     57.4246846938662       41.28281581246     9.91230587495102
71 1     4.50506028139012     5.14894022647938     9.77640697186894
72 1      7.2824993648864     6.91246855012416     9.82860859610347
73 1     10.0716657219556     8.66032488972982     9.88439420283374
74 1       12.87247910239     10.3918043726101     9.93341544802981
75 1     15.6819860544743     12.1103697678421     9.97008780579724
76 1     18.4957203826739     13.8219328855129     9.99312195289252
77 1     21.3089078186543     15.5332159281697     10.0034522934507
78 1     24.1172897271849     17.2506645827516     10.0026305180522
79 1     26.9178206913336     18.9791672953929     9.99312195289254
80 1     29.7094442925413     20.7205504293288      9.9798880190942
81 1     32.4933692103367     22.4727982271509     9.96941706428281
82 1      35.272579129715     24.2303832114074     9.96718889177832
83 1     38.0508941876096     25.9857944305614     9.97461000266544
84 1     40.8317233023169      27.731861964981      9.9880094054266
85 1     43.6170105444933     29.4640528071737     10.0009441080428
86 1     46.4067585754779     31.1816680582609     10.0072879778495
87 1     49.1992550176255        32.8878725015     10.0035013814703
88 1     51.9917070535842     34.5885542590832     9.98800940542649
89 1     54.7811228630663     36.2908958968398     9.96012211501793
90 1     57.5648352652056       38.00216495281      9.9199731568837
91 1     60.3411770460879     39.7286050098371     9.87054494918656
92 1     63.1104475733496     41.4733298317931     9.81924215077299
93 1     1.89525596915302   0.0924553873794653     9.72614132583104
94 1     4.65917320794562     1.86974367187165     9.75213265172378
95 1     7.42758272519882     3.63820197390368     9.79853953209219
96 1     10.2041025335783     5.39169448713321     9.85476225960765
97 1     12.9907219535767     7.12731722139252     9.90930888942902
98 1     15.7865821885793     8.84686634584371     9.95382084150229
99 1     18.5886193193709     10.5557296068307     9.98495034716897
100 1     21.3929131244059     12.2608532827958     10.0026305180522
101 1     24.1955358744129     13.9692991502795     10.0081233857478
102 1     26.9932415613497     15.6872339888982     10.0034522934507
103 1     29.7842434667928     17.4183862264471     9.99237623325904
104 1     32.5688145924083     19.1628083755693     9.98076142985333
105 1     35.3492249257356      20.916588018309     9.97493198076431
106 1     38.1290564089737     22.6728639288289     9.97845887035818
107 1     40.9120237080528     24.4239456535746      9.9898537932089
108 1      43.700782926116     26.1638684417828     10.0035013814704
109 1     46.4960780485103     27.8900691388068     10.0127718240556
110 1     49.2965411120817     29.6039755659198     10.0127718240555
111 1     52.0991847060377     31.3103293294253     10.0009441080429
112 1     54.9003389024867     33.0157469367664     9.97592521973542
113 1     57.6962661100522      34.727375998975     9.93710380984811
114 1     60.4839020243289     36.4518146042755     9.88619509820972
115 1     63.2618845731455     38.1934342757726     9.82923774644825
116 1      66.031542414302     39.9523923608814     9.77648413291443
117 1     68.7960704316386     41.7244049857454     9.73943951141222
118 1     7.58058765688061    0.358111223031371     9.78754246752299
119 1     10.3485542496361     2.11579086265541     9.83724000505559
120 1     13.1236523333109     3.85545624725015     9.89006886000868
121 1     15.9067694858043     5.57707405048716     9.93654457801871
122 1     18.6965217760598     7.28499975978695     9.97144910279572
123 1     21.4901622329362     8.98598774591661     9.99353127557814
124 1     24.2844582432346     10.6874475337706     10.0034522934506
125 1     27.0764047716477     12.3963795852912     10.0026305180523
126 1     29.8638969662982     14.1180325522134     9.99353127557812
127 1     32.6464928255551     15.8544301337012     9.98115882318586
128 1     35.4256835192813     17.6035156250279     9.97206581924301
129 1     38.2046347774966     19.3596261040763     9.97143624647661
130 1     40.9871843855434     21.1151095497383     9.98023634611688
131 1     43.7766386251455     22.8628839128882     9.99442979980763
132 1     46.5746475390848     24.5985978045247     10.0072879778494
133 1     49.3805960858852     26.3217501969505     10.0127718240555
134 1     52.1918091319145     28.0355290388915     10.0072879778494
135 1     55.0042552931718     29.7456036994117      9.9890211149926
136 1     57.8134278679428     31.4587213065012     9.95695913648453
137 1     60.6149378141214     33.1815227002154     9.91127044875991
138 1     63.4055939318403     34.9192852712458     9.85563827361761
139 1     66.1846378353566     36.6739118795898     9.79879425715272
140 1     68.9544923767142     38.4428689904314     9.75218539620748
141 1     13.2655384376656    0.576034059573609     9.88283460545613
142 1      16.039329565918     2.30041607163281     9.92533141156106
143 1      18.818899500273     4.00901453354205     9.95885929607456
144 1      21.602628719946     5.70799025259079     9.98115882318592
145 1     24.3881791060486     7.40479286287171     9.99237623325904
146 1     27.1730665492311     9.10679726993281     9.99312195289247
147 1     29.9552320941454      10.820351748438     9.98495034716903
148 1     32.7338160022568     12.5491629405833     9.97144910279574
149 1     35.5097135685008     14.2931377717317     9.95885929607453
150 1     38.2855918566122     16.0481190155885     9.95350066040302
151 1     41.0651654724081     17.8070417877071     9.95876485356141
152 1     43.8522468844594     19.5622851391619     9.97265781566301
153 1     46.6493925568347     21.3079106518398     9.98902111499244
154 1     49.4570199959462     23.0414127650782     10.0009441080429
155 1     52.2731773027356     24.7640539583943     10.0035013814704
156 1     55.0939859127429      26.480239185223     9.99442979980759
157 1     57.9145841688327     28.1960172453879     9.97265781566306
158 1     60.7298031952768      29.917839521164     9.93764013974514
159 1     63.5349552973105     31.6514202562504     9.89071943692778
160 1     66.3270786847172     33.4002392259898     9.83746364118133
161 1     18.9508186965626    0.727542796295456     9.95350066040294
162 1     21.7277858419626     2.42659776419934     9.97206581924301
163 1     24.5066074393049     4.12107245488305     9.98076142985327
164 1     27.2853367803374     5.81848874651477     9.97988801909428
165 1     30.0621908534142     7.52581342104701     9.97008780579724
166 1     32.8361696551498     9.24814804131877     9.95382084150221
167 1     35.6077991994148     10.9871294416061     9.93654457801865
168 1     38.3791882085586     12.7402588279394     9.92533141156108
169 1     41.1538334156683     14.5015676612758     9.92553603746879
170 1     43.9357792028614      16.263322807156      9.9376401397452
171 1     46.7284096368592     18.0185370349288     9.95695913648461
172 1     49.5333778697403     19.7628332673653     9.97592521973546
173 1      52.349784890576      21.495378677613     9.98800940542663
174 1      55.174374246979     23.2188790246177     9.98985379320886
175 1      58.002330031115     24.9383881326084     9.98023634611676
176 1      60.828210207042     26.6599556158635     9.95876485356144
177 1     63.6465008004536     28.3894813704437     9.92553603746876
178 1     24.6352199958939    0.836276651906965     9.97493198076431
179 1     27.4108654280791     2.53141514656446     9.96941706428289
180 1     30.1845352518627     4.23463454146784      9.9550087405791
181 1     32.9552656197922     5.95199172604902     9.93341544802979
182 1     35.7232729974812     7.68663661460138     9.90930888942904
183 1     38.4903225288722     9.43768818745713     9.89006886000878
184 1     41.2594424009571     11.2002762521105     9.88283460545602
185 1     44.0345281079407     12.9671994577723      9.8907194369277
186 1     46.8196444364016     14.7309575557263     9.91127044875993
187 1     49.6177285156859     16.4856747473772     9.93710380984812
188 1     52.4293480900523     18.2285029060053     9.96012211501792
189 1     55.2523382894604     19.9601437879029     9.97461000266547
190 1     58.0823391542509     21.6842995080867     9.97845887035828
191 1     60.9138980950047     23.4063712075804      9.9714362464767
192 1     30.3177778706746    0.946894772423433     9.94646642449676
193 1     33.0883707200199     2.66088834318195     9.91746363353544
194 1     35.8551775283152     4.39215592877363      9.8843942028338
195 1     38.6196760867347     6.14116477333344     9.85476225960757
196 1     41.3844659878531     7.90421544129859     9.83724000505558
197 1     44.1529880686517     9.67474018890776      9.8374636411813
198 1     46.9292629098002     11.4452971790401     9.85563827361777
199 1     49.7173181980044     13.2092919264615     9.88619509820965
200 1     52.5194943641631     14.9621027209378     9.91997315688364
201 1     55.3354319509959      16.702287192784     9.94846475062746
202 1     58.1617265282832     18.4317579776263      9.9671888917782
203 1     35.9984846101582     1.10355078266148     9.86980289988803
204 1      38.763448699114     2.85059517797362     9.82860859610347
205 1     41.5265050527271     4.61337434178081     9.79853953209219
206 1     44.2906445038599     6.38592587495767     9.78754246752295
207 1     47.0592921750241     8.16126125619064     9.79879425715273
208 1     49.8366138028434     9.93267863216799     9.82923774644824
209 1     52.6264644212184      11.694500180592     9.87054494918659
210 1     55.4306966352369     13.4431512462475     9.91230587495094
211 1     41.6794285694319     1.32702653602444     9.77640697186899
212 1     44.4422396264469     3.10009052277701     9.75213265172381
213 1     47.2063267005392     4.87801830316653     9.75218539620745
214 1     49.9750872681613     6.65460553938118     9.77648413291449
215 1     52.7528051760148      8.4238791430538       9.819242150773
216 1     47.3633750500618     1.59511212227085     9.72614132583092
217 1     50.1274312084521     3.37444773446193     9.73943951141221
218 2     22.4671437462948     38.5453447693986      11.383704719404
219 2     25.2198788826276     40.3193191978894     11.3705593275752
220 2     19.8510624325683     33.5053753825781     11.4627537677283
221 2     22.6203805022809     35.2745760677388     11.4203531424793
222 2     25.3783485074163     37.0477836935551     11.3964511166907
223 2     28.1314951099967     38.8205594973894     11.3965065070143
224 2     30.8852664910509     40.5887007955618     11.4204454534023
225 2     17.1732627151303     28.4815401185864     11.5554026714629
226 2     19.9756174527673     30.2360156825475      11.513368540735
227 2     22.7595790295369     32.0008642115885     11.4724776837489
228 2     25.5276970437236     33.7717891933748      11.442741138241
229 2      28.286003045303      35.543755858603     11.4319644659891
230 2      31.040993385629     37.3117616510692     11.4430646295525
231 2     33.7981664141377     39.0702904245613     11.4729848388692
232 2     36.5618430428457     40.8138883174912     11.5137000454913
233 2     14.4345897906404       23.48225568546     11.6103880835052
234 2     17.2632339066516      25.218827647831     11.5905917020442
235 2     20.0793490166792     26.9655813334686      11.561733698942
236 2     22.8784945413306     28.7232139482372     11.5284660617338
237 2     25.6600054403161     30.4891443979819     11.4989652697186
238 2     28.4275374628161     32.2586567455939     11.4818076932773
239 2     31.1873264409536       34.02611102317     11.4823008137962
240 2     33.9458247209261      35.785459010924     11.5001542344199
241 2     36.7080592619721     37.5310189245177     11.5296871242562
242 2     39.4768763705193     39.2591589886993     11.5623366697543
243 2     42.2524431625965     40.9699322240824     11.5905991363112
244 2     11.6718526878848     18.4975610743194     11.6152691761369
245 2     14.5073297815804     20.2261910207625     11.6207384544559
246 2     17.3405311048304     21.9566479429137     11.6156770171019
247 2     20.1653798198898     23.6942412299631     11.6006821344087
248 2     22.9765291115865     25.4420682846869     11.5780660075977
249 2      25.771010020439     27.1998653850772     11.5533989020716
250 2     28.5497204861087     28.9642393574053     11.5344582537414
251 2     31.3172497694796     30.7297136369719     11.5279787686886
252 2      34.080005035449     32.4898487117846     11.5362380642609
253 2     36.8439393784365     34.2383825861381     11.5559599932846
254 2     39.6128654188713      35.970755350637     11.5801212905904
255 2      42.387719963059     37.6857194845014     11.6012913857122
256 2     45.1671506811419     39.3859821074299     11.6149619319764
257 2     47.9490019438981     41.0773749033352     11.6196451615989
258 2     8.92773670459908     13.5050520640622     11.5699491966056
259 2     11.7500710007302     15.2412548677674      11.601833979437
260 2     14.5805231629787     16.9689368776487     11.6217145373655
261 2     17.4126819115098      18.693802643387     11.6300058317837
262 2     20.2405301916164     20.4220420347373     11.6274852935389
263 2      23.058560725409     22.1586676621692     11.6155331944515
264 2     25.8626073001959     23.9058829267615     11.5976490814682
265 2     28.6513941777704     25.6623581990432     11.5800987721814
266 2     31.4273856890226     27.4237246343259     11.5699491966056
267 2     34.1960290621117     29.1836593503462     11.5714777677042
268 2     36.9636464677825     30.9353449179499     11.5839715780648
269 2     39.7350709140663     32.6732522805656     11.6018936866735
270 2     42.5122584681023     34.3946559990625     11.6182164009229
271 2     45.2943851893961     36.1005906948842     11.6276240567582
272 2     48.0791997442762     37.7957121837478     11.6278115184622
273 2     50.8643354660922     39.4868167392781     11.6182492517348
274 2     53.6477032609007     41.1814965814661     11.5988249217342
275 2     6.24048678377115     8.48964123703563     11.4818076932774
276 2     9.03244442096536     10.2426635332126     11.5344582537413
277 2     11.8411205385532     11.9816561122692     11.5800987721814
278 2     14.6615406196383     13.7087105731911     11.6135733303157
279 2     17.4874440987157     15.4288866914123      11.633959761238
280 2     20.3128370552064     17.1485897529865     11.6421388962337
281 2     23.1322978732478     18.8740422288326     11.6394282804641
282 2     25.9411951470079     20.6096081453838     11.6283252381902
283 2     28.7368571741055     22.3562755290189     11.6135733303157
284 2     31.5198142750875     24.1114100340516      11.601833979437
285 2     34.2940696617895     25.8695255878962     11.5988249217341
286 2     37.0656782885446     27.6236868824847     11.6060706380706
287 2     39.8402738252917     29.3674379802184     11.6200301904583
288 2     42.6209971056555     31.0965662032959     11.6341891986707
289 2     45.4078913088439     32.8103923970553     11.6424442737301
290 2     48.1987598533071       34.51204072343      11.641278638508
291 2     50.9907341572856     36.2075207655219     11.6293370189834
292 2     53.7810471909721     37.9041324540538     11.6060706380705
293 2      56.566847590561     39.6093353501643     11.5714777677042
294 2     59.3451595247247     41.3294042061595     11.5279787686886
295 2     3.61757566258797     3.45440266673992     11.3964511166907
296 2     6.37999585424863     5.22173954329018     11.4427411382411
297 2     9.15669544036332     6.97764437356973     11.4989652697186
298 2     11.9497923356124     8.71841666634494     11.5533989020716
299 2     14.7566661842556     10.4447334666898     11.5976490814681
300 2     17.5720299593767     12.1609299291466     11.6283252381902
301 2     20.3902304507641     13.8732931662148     11.6455400043284
302 2     23.2061053853261     15.5886404555317       11.65061240087
303 2     26.0150449651218     17.3127933083504     11.6455400043284
304 2     28.8136216519297     19.0488832683844     11.6339597612379
305 2     31.6008047041819     20.7963255524072     11.6217145373655
306 2     34.3789673288853     22.5509959767409      11.615269176137
307 2     37.1533893538099     24.3063982906106     11.6182492517348
308 2     39.9301436280141     26.0555107550673     11.6293370189833
309 2     42.7136211941406     27.7928238828221     11.6430093622314
310 2     45.5050516189573     29.5158687503591     11.6526468520732
311 2     48.3027548974618     31.2260736936875     11.6534520591222
312 2     51.1035526771862     32.9283019185148     11.6430093622314
313 2      53.903882171113     34.6293866851371     11.6200301904583
314 2     56.7000430887129     36.3366655850956     11.5839715780647
315 2     59.4881035806197     38.0567204239844     11.5362380642609
316 2     62.2648850664039     39.7937224161082     11.4823008137962
317 2     65.0298657456363     41.5475197636192     11.4319644659891
318 2     3.77625210774944    0.184444850068733      11.383704719404
319 2      6.5322025152969     1.95253612437606     11.4203531424792
320 2     9.29772088376534     3.70994151322428     11.4724776837489
321 2     12.0767915206514     5.45175049901735     11.5284660617338
322 2     14.8693297336753     7.17722375908315     11.5780660075978
323 2      17.671822276666     8.88996553182572     11.6155331944515
324 2     20.4795227699326     10.5961364917251     11.6394282804641
325 2     23.2878604112104     12.3027565588255       11.65061240087
326 2      26.092641826702     14.0165004364814       11.65061240087
327 2     28.8902317119735     15.7421696616026     11.6421388962336
328 2     31.6785029011638     17.4811712457598     11.6300058317837
329 2     34.4582662293997     19.2310858085302     11.6207384544558
330 2     37.2335923386367     20.9863663178576      11.619645161599
331 2     40.0104967202627     22.7399522802956     11.6278115184622
332 2     42.7944595680644     24.4853301021545      11.641278638508
333 2     45.5881929697422     26.2183759671315     11.6534520591222
334 2     48.3910717488257      27.938598300559     11.6584279558332
335 2     51.2000380919253     29.6493298239583     11.6526468520732
336 2     54.0109894985168     31.3566455719084     11.6341891986707
337 2     56.8194027910202     33.0675879286367     11.6018936866735
338 2     59.6204111636938     34.7888161313882     11.5559599932847
339 2     62.4092759779096     36.5251188354793     11.5001542344198
340 2     65.1835085057872     38.2776252454831     11.4430646295525
341 2     67.9449149076918     40.0429257412875     11.3965065070143
342 2     70.6986869961777     41.8150795100103     11.3705593275753
343 2     9.44903428789523    0.438836667426074     11.4627537677283
344 2     12.2181053321312     2.18138432910255      11.513368540735
345 2     14.9985187778869     3.90643567316401      11.561733698942
346 2     17.7885670103362     5.61661058600507     11.6006821344087
347 2     20.5847994537814     7.31779231463712     11.6274852935388
348 2     23.3835388560587     9.01713803624942     11.6421388962337
349 2     26.1813322073526     10.7218109762734     11.6455400043284
350 2     28.9747869800582     12.4377187302809      11.639428280464
351 2     31.7612779778408     14.1680631014642     11.6274852935389
352 2     34.5402852225122     15.9122330274844     11.6156770171019
353 2     37.3144709408625     17.6660481562065     11.6103880835052
354 2     40.0893070990468     19.4229088527136     11.6149619319764
355 2     42.8709222695595     21.1757928753726     11.6276240567581
356 2     45.6635645192438     22.9191912072138     11.6424442737302
357 2     48.4681255355946     24.6505963273597     11.6526468520732
358 2     51.2822673792732     26.3713452408582     11.6534520591222
359 2     54.1017594183894      28.086211297408     11.6424442737302
360 2     56.9215883643895     29.8017710965191     11.6182164009228
361 2     59.7362269663567     31.5246694569219     11.5801212905903
362 2     62.5398579363865     33.2601735949257      11.529687124256
363 2     65.3278525826628     35.0105789734192     11.4729848388694
364 2     68.0992844988624     36.7740191199938     11.4204454534021
365 2     15.1387031096591    0.631711717873751      11.555402671463
366 2     17.9193093988169     2.34098529071766     11.5905917020442
367 2      20.705791295896     4.03901648044053     11.6156770171019
368 2      23.495422810565      5.7329235616918     11.6300058317837
369 2     26.2855418725932     7.43012749104192      11.633959761238
370 2     29.0733825168539     9.13735937630822     11.6283252381902
371 2     31.8562246211636     10.8592642568436     11.6155331944515
372 2     34.6326607930126     12.5970456348704     11.6006821344087
373 2     37.4040643177701     14.3480845122899     11.5905917020443
374 2     40.1749198189711     16.1067230387255     11.5905991363112
375 2     42.9514930826496     17.8659825542592     11.6012913857121
376 2     45.7393684139854     19.6193678060955     11.6182164009229
377 2     48.5412286423049     21.3625831264728     11.6341891986707
378 2     51.3560413751503     23.0946691003402     11.6430093622315
379 2     54.1799958251056     24.8184240760926      11.641278638508
380 2     57.0079077875216     26.5394113314204     11.6276240567582
381 2     59.8340022007686     28.2640928629165     11.6012913857121
382 2     62.6520625789918     29.9982376084002     11.5623366697544
383 2     65.4560143375711     31.7453658586478     11.5137000454912
384 2     20.8375468917356    0.759593609172156     11.6103880835052
385 2     23.6210116122586     2.45062062154591     11.6207384544558
386 2      26.405279756078     4.14263502078263     11.6217145373655
387 2     29.1882098294948     5.84291134862867     11.6135733303156
388 2      31.967334138787     7.55728105738724     11.5976490814682
389 2     34.7407487779768     9.28860540706858     11.5780660075978
390 2     37.5087398286725      11.035880444206      11.561733698942
391 2     40.2746417984492     12.7946456143784     11.5554026714628
392 2     43.0442762969661     14.5583983045777     11.5623366697544
393 2     45.8241228612491     16.3203700941182     11.5801212905903
394 2     48.6187415413906     18.0749546924748     11.6018936866735
395 2     51.4290592500725     19.8189702363217     11.6200301904583
396 2     54.2523374611775     21.5527633810879     11.6293370189833
397 2     57.0835187819382     23.2801304376337     11.6278115184622
398 2     59.9167574662884     25.0069039415336     11.6149619319764
399 2     62.7458522649095     26.7391396388692     11.5905991363112
400 2     26.5357876064685    0.859340399778224      11.615269176137
401 2     29.3167223474208     2.55523254901956     11.6018339794369
402 2     32.0940929069149     4.26388313952621     11.5800987721814
403 2     34.8658052671872     5.98961539941646     11.5533989020715
404 2     37.6313215612565     7.73293300358403     11.5284660617338
405 2       40.39288483834     9.49049743918848      11.513368540735
406 2     43.1553578660603     11.2565407255382     11.5137000454914
407 2     45.9252980481185     13.0246023822337      11.529687124256
408 2     48.7088647043469     14.7885961841509     11.5559599932847
409 2     51.5095256899818     16.5437843986317     11.5839715780647
410 2     54.3264897669604     18.2879755651386     11.6060706380706
411 2     57.1554904265751     20.0225798717885     11.6182492517348
412 2     59.9906209639423     21.7520536804843     11.6196451615989
413 2     32.2314852296169    0.979120752450503     11.5699491966056
414 2     35.0044427161645     2.70099456022078     11.5344582537414
415 2     37.7699067425591     4.44110867928692     11.4989652697186
416 2     40.5293077099364     6.19709172602577     11.4724776837488
417 2      43.286510902775     7.96368540083447     11.4627537677283
418 2     46.0471962496767     9.73492550369667     11.4729848388693
419 2     48.8181145476415     11.5052170552738     11.5001542344198
420 2     51.6051066304084     13.2692257659082     11.5362380642609
421 2     54.4103385938045     15.0228002011666     11.5714777677042
422 2     57.2314423237871     16.7647727323148     11.5988249217342
423 2     37.9185833766513     1.15959946820907     11.4818076932774
424 2     40.6789147252664     2.91436871417366      11.442741138241
425 2     43.4340246056608     4.68078525872373     11.4203531424793
426 2     46.1886642565638      6.4530749861215     11.4204454534023
427 2      48.948713355061     8.22640800512482     11.4430646295525
428 2     51.7210037391197     9.99596146239897     11.4823008137963
429 2     54.5108059522729     11.7566770585458     11.5279787686886
430 2     43.5906834532343     1.40571109054356     11.3964511166907
431 2     46.3432117691943     3.17810783137124      11.383704719404
432 2     49.0968052287886     4.95230966300025     11.3965065070144
433 2     51.8573464555378     6.72451927945499     11.4319644659891
434 2     49.2546493676719     1.68139619377752     11.3705593275752
435 3     22.4519076376491     38.5211438687374     8.09570805485684
436 3     25.2269106633801     40.3063273558757     8.08240820621617
437 3     19.8200208395524     33.4614071893346     8.17484538792274
438 3     22.6047145838377     35.2314222152422     8.13255000337882
439 3     25.3833848031005     37.0118771448687     8.10855684386848
440 3      28.157875837176     38.7955616923198     8.10861083069993
441 3     30.9291505750759     40.5748147422143     8.13267120149996
442 3     17.1453760391948     28.4455485430124     8.26699889615912
443 3     19.9500500895524     30.1889619986024     8.22514228602734
444 3      22.744152104097     31.9485092379605     8.18446813309905
445 3     25.5291812381857     33.7210701255823     8.15484141392148
446 3      28.307212924841     35.5003422451039     8.14415616293532
447 3     31.0798267815628     37.2784682379609     8.15525645444965
448 3     33.8481070065038     39.0473182009489     8.18502427260196
449 3     36.6136804363571     40.8000450534504     8.22553242618168
450 3     14.4232911162273     23.4676413638871      8.3217310945996
451 3     17.2468759047319     25.1899460666903     8.30195482308514
452 3     20.0614026023756     26.9237469232421     8.27315095513319
453 3     22.8649306017683     28.6722116863344     8.24008850492327
454 3     25.6577340844282     30.4347894848076     8.21076774238157
455 3     28.4414001211895     32.2069783205275     8.19370716834465
456 3      31.217752218623     33.9814777266595     8.19423304042156
457 3     33.9882470091788     35.7498345743993     8.21212369046577
458 3      36.754407209647     37.5045233486651     8.24152810604585
459 3     39.5186198281526     39.2411631938862      8.2740045050551
460 3     42.2836928281761     40.9599040873592     8.30205827812121
461 3     11.6800983337204     18.5044022151178     8.32654745935674
462 3     14.5087871327094     20.2194192015607     8.33197902890446
463 3     17.3356474951031     21.9368207747356     8.32685824718812
464 3     20.1558603192004     23.6622007442826     8.31185232216206
465 3     22.9663076405248     25.3999836912165      8.2893339453071
466 3     25.7660573717869     27.1517782572095     8.26477024925566
467 3     28.5559095171176     28.9152384921336     8.24599305870838
468 3      31.337441107048     30.6842949160492     8.23963205872423
469 3     34.1122759741946     32.4507026605197      8.2479354475555
470 3     36.8820763978867     34.2063252385909     8.26772066110669
471 3     39.6489211030991     35.9456444723716     8.29176740890787
472 3     42.4152305245531     37.6673868370827     8.31288968728255
473 3     45.1827996454795     39.3746335536084     8.32646072566792
474 3     47.9518560672945     41.0734087312621     8.33105452173024
475 3     8.95528127797845     13.5325753593651     8.28129622420728
476 3     11.7714456411013     15.2550463106078     8.31303383999129
477 3     14.5940729697752     16.9698875208954     8.33286015497867
478 3     17.4182766555866     18.6832612110543     8.34110513991175
479 3     20.2390110205808     20.4011541708063      8.3385600534177
480 3     23.0523474472222     22.1288788159707     8.32657434784227
481 3     25.8563189736529     23.8697585378477     8.30874610177828
482 3      28.650958831226     25.6235982102941     8.29132766997398
483 3     31.4374492752611     27.3861086863915     8.28129622420728
484 3      34.217364588253     29.1497798842316     8.28301477770444
485 3     36.9923607819661     30.9061271738963     8.29555163356149
486 3     39.7643197523967      32.648453565145     8.31354566369201
487 3     42.5353571995608     34.3739609271559     8.32987896192096
488 3     45.3070508573434     36.0842694679786     8.33925492250418
489 3     48.0796338118878     37.7845401953922     8.33936070537376
490 3     50.8518811809185     39.4817700531903      8.3296927278323
491 3     53.6221249451675     41.1835350000706      8.3101644399405
492 3     6.27831028351951     8.52748586388418     8.19370716834461
493 3      9.0717858995936     10.2725238239269     8.24599305870839
494 3     11.8749053467326     12.0006590854768       8.291327669974
495 3     14.6862804573867     13.7167135661459     8.32464327763753
496 3     17.5022996858322     15.4271414051046     8.34498530525073
497 3     20.3183316421294     17.1385083634477      8.3531367229218
498 3      23.130057864683     18.8568984141954     8.35041391982938
499 3     25.9346761087507     20.5870623235591     8.33933485134034
500 3     28.7314180504365     22.3308487045657     8.32464327763752
501 3     31.5210706947566     24.0860033310733     8.31303383999125
502 3      34.305093497361      25.846354907383     8.31016443994045
503 3     37.0850514097404     27.6034859505783     8.31755016439881
504 3     39.8627213759957     29.3496702237641     8.33165519752933
505 3     42.6399308256998     31.0803812354114     8.34588452412752
506 3     45.4181781728732     32.7954906061074     8.35417683297665
507 3     48.1976326615516     34.4988810082911     8.35296684000149
508 3     50.9769089785272     36.1970253367324     8.34094488712363
509 3     53.7538661101632     37.8974553049009     8.31755016439886
510 3     56.5268393491683     39.6077979755801     8.28301477770436
511 3      59.295730089814     41.3346273553502     8.23963205872424
512 3     3.64615349807055     3.47671750108652     8.10855684386844
513 3     6.42317775818211     5.24838442729477     8.15484141392149
514 3     9.20490385393678      7.0028547782569     8.21076774238161
515 3     11.9939133342669     8.73817111073002      8.2647702492557
516 3     14.7910949860227     10.4573498106132     8.30874610177827
517 3     17.5948147329547     12.1665571873199     8.33933485134036
518 3     20.4015964042497     13.8728362461126     8.35651670606141
519 3       23.20741578166     15.5830560647481     8.36157940409209
520 3      26.008966283963     17.3031785639447     8.35651670606144
521 3     28.8046823960921     19.0368905957071     8.34498530525076
522 3     31.5948530819851     20.7841157538817     8.33286015497868
523 3     34.3807691076897     22.5404344675776     8.32654745935669
524 3     37.1639870547538     24.2981359063082     8.32969272783236
525 3     39.9461455253487     26.0487855134454     8.34094488712372
526 3     42.7289852651217     27.7861851466032     8.35473241399336
527 3     45.5140010921745     29.5082425813974     8.36442719459723
528 3     48.3014959640283     31.2171490629257      8.3652585215953
529 3      51.090121327481     32.9183156108492     8.35473241399342
530 3     53.8772710673032     34.6188304142018     8.33165519752933
531 3     56.6603826230294     36.3264071315871     8.29555163356152
532 3     59.4380666363937     38.0483459968591     8.24793544755552
533 3     62.2110186089364     39.7896895679718     8.19423304042157
534 3      64.981663513707     41.5508582758777     8.14415616293537
535 3      3.8048287568394    0.183350443257362     8.09570805485684
536 3     6.57740780705175     1.96054596727897     8.13255000337888
537 3     9.35077508366158     3.72275889070503     8.18446813309905
538 3     12.1277427448909     5.46550491373239     8.24008850492326
539 3     14.9108867962594      7.1894140022149     8.28933394530709
540 3     17.7007268133167     8.89947909817444     8.32657434784234
541 3     20.4954897532084     10.6027684947219     8.35041391982938
542 3     23.2920414373267     12.3066835907314     8.36157940409212
543 3     26.0871504042519      14.018157795359     8.36157940409202
544 3      28.878753679066     15.7424519045135      8.3531367229218
545 3     31.6665763809329      17.481596771428      8.3411051399117
546 3     34.4516729863766     19.2332096150311     8.33197902890448
547 3     37.2356000827097      20.990821147261     8.33105452173023
548 3     40.0199549121837     22.7459141880521     8.33936070537371
549 3      42.806419811559     24.4909337830288     8.35296684000152
550 3     45.5965513934181     26.2217480141772     8.36525852159525
551 3     48.3910717488257      27.938598300559     8.37028708185031
552 3     51.1889588992623     29.6453924372826      8.3644271945972
553 3     53.9875060451473     31.3483409733043      8.3458845241275
554 3     56.7833020543196     33.0546570493217     8.31354566369202
555 3     59.5735801766149     34.7718171774933      8.2677206611066
556 3     62.3572131667574     36.5061922744281     8.21212369046578
557 3     65.1352588662898     38.2606412446434     8.15525645444962
558 3     67.9100758098731     40.0325782639148     8.10861083069989
559 3     70.6839198405757     41.8154857302516     8.08240820621613
560 3     9.50263265671052    0.433937955922073     8.17484538792277
561 3     12.2716386993768     2.18276918502323     8.22514228602731
562 3     15.0437216470471      3.9118108275835     8.27315095513322
563 3     17.8210746352297     5.62438669941694     8.31185232216202
564 3     20.6036484600942     7.32692060589307     8.33856005341768
565 3     23.3895223020433     9.02693718287739     8.35313672292182
566 3     26.1760449350258     10.7318826407812     8.35651670606142
567 3     28.9610600053471     12.4482305419213     8.35041391982944
568 3     31.7439481425636     14.1798226741392     8.33856005341764
569 3     34.5255561960486     15.9263759416594     8.32685824718815
570 3     37.3074639043279     17.6831402560638      8.3217310945996
571 3     40.0913107527837     19.4421355302836     8.32646072566793
572 3     42.8787240327071     21.1949222790237     8.33925492250422
573 3      45.671326416752     22.9355507882625     8.35417683297659
574 3     48.4702552550404     24.6621598829971     8.36442719459729
575 3     51.2751678890308     26.3768978245743     8.36525852159537
576 3      54.083710656852     28.0847535073073      8.3541768329766
577 3     56.8921165406561     29.7921145442342     8.32987896192089
578 3     59.6964524657537     31.5059997575626     8.29176740890792
579 3     62.4937381207728     33.2332828827523     8.24152810604597
580 3       65.28298775725     34.9788152635563     8.18502427260183
581 3     68.0653167818927     36.7429574150801     8.13267120150006
582 3     15.1838160663962    0.625556935873508     8.26699889615913
583 3     17.9525005827461     2.34125963607045      8.3019548230852
584 3     20.7254039320869     4.04470073444357      8.3268582471881
585 3      23.501754586719     5.74303946835637     8.34110513991173
586 3     26.2796255413143     7.44386545002686     8.34498530525073
587 3     29.0571167815332     9.15427793995952     8.33933485134037
588 3     31.8335333626997     10.8795395366934     8.32657434784227
589 3     34.6096726688085      12.621310007139     8.31185232216208
590 3     37.3872311357606     14.3766917480779      8.3019548230851
591 3     40.1679796073363     16.1388001113388     8.30205827812125
592 3     42.9536143402857     17.8989737230948     8.31288968728252
593 3     45.7457415062603      19.649719430287     8.32987896192094
594 3     48.5457783756301     21.3870726929615      8.3458845241276
595 3     51.3541086538745     23.1112941442248     8.35473241399327
596 3     54.1691627733665     24.8259801103572     8.35296684000149
597 3     56.9874403564267     26.5366031546749     8.33925492250425
598 3     59.8043703816384     28.2494343414996     8.31288968728253
599 3     62.6156060347058     29.9710846110545     8.27400450505503
600 3     65.4181070224848     31.7073949910214     8.22553242618165
601 3     20.8558526026834    0.757115830887719      8.3217310945996
602 3     23.6261475041526     2.45526863424676      8.3319790289045
603 3     26.3976815714782     4.15389417606148     8.33286015497866
604 3     29.1689091154154     5.86033518012692      8.3246432776375
605 3      31.939193663563     7.58078910237768     8.30874610177827
606 3     34.7094131864544     9.31849975740718     8.28933394530716
607 3     37.4814833738158      11.072339700013     8.27315095513314
608 3     40.2574155176476     12.8367919719527      8.2669988961592
609 3     43.0389893836188     14.6035470967365     8.27400450505501
610 3     45.8278416776244     16.3641506717429     8.29176740890792
611 3     48.6255934397609     18.1126842872104     8.31354566369198
612 3     51.4332228031783     19.8472942637112     8.33165519752925
613 3     54.2501607426013     21.5699840514994     8.34094488712374
614 3     57.0736265224056     23.2853405182329     8.33936070537372
615 3      59.899104848214     24.9990258177852      8.3264607256679
616 3     62.7215428109648     26.7170907029792     8.30205827812125
617 3     26.5257401818285    0.863060768143228     8.32654745935671
618 3     29.2940912873806     2.56684780915745     8.31303383999127
619 3       32.06074344528     4.28364015506772     8.29132766997399
620 3     34.8266369171848     6.01794808289911     8.26477024925566
621 3     37.5939342765794     7.77018085077173     8.24008850492321
622 3     40.3649188343094     9.53616626721297     8.22514228602732
623 3     43.1414277876353     11.3083548572054     8.22553242618173
624 3     45.9250699160574     13.0779886702598     8.24152810604591
625 3     48.7175586719755     14.8376524855929     8.26772066110662
626 3     51.5204718414816     16.5832605961937     8.29555163356158
627 3     54.3342977265736     18.3148536461979     8.31755016439886
628 3     57.1573470108049     20.0358889421787     8.32969272783234
629 3      59.985759096473     21.7515650231541     8.33105452173021
630 3      32.193877069999    0.989213405082001     8.28129622420724
631 3     34.9589122065274      2.7201351347781     8.24599305870838
632 3     37.7239696848736     4.47025318777413     8.21076774238161
633 3       40.49168043548       6.236629322173     8.18446813309907
634 3     43.2639541269757     8.01255230558191     8.17484538792275
635 3     46.0421204827233     9.78966143717195     8.18502427260184
636 3      48.827755070541     11.5597680528497     8.21212369046578
637 3     51.6228726358888     13.3167462442983     8.24793544755555
638 3     54.4290113090558     15.0582170418654      8.2830147777044
639 3     57.2459968039487     16.7859049942235     8.31016443994041
640 3     37.8668972185296      1.1734332664269     8.19370716834461
641 3     40.6342486268707     2.93844289796154     8.15484141392147
642 3     43.4044852323491     4.71592926831747     8.13255000337881
643 3     46.1787478895085     6.49802274438273     8.13267120150005
644 3     48.9581295986246     8.27668541907293     8.15525645444965
645 3     51.7444444189178     10.0446276070459     8.19423304042157
646 3     54.5400440496151     11.7968726302778     8.23963205872422
647 3     43.5570693220676     1.41930280488334     8.10855684386845
648 3       46.32987122875     3.20340313884382     8.09570805485689
649 3     49.1052635994281      4.9876549454425     8.10861083069985
650 3     51.8843388079292      6.7645943806956     8.14415616293539
651 3     49.2623847425214     1.69398181554989     8.08240820621621
652 4     26.0907918435659     41.8154420634591      16.733858674169
653 4     23.0107908261264      37.029879147672     16.7078146037926
654 4     25.9318953340392     38.5334497163767     16.7205604885879
655 4     28.8547090823585     40.0381537789669     16.7078673482763
656 4     31.7761235312935     41.5497862278071      16.672457532477
657 4     19.9574521942389     32.2331572619308     16.6225363588187
658 4     22.8637563006112      33.746636194648     16.6612057428472
659 4     25.7795513937485     35.2532919114574     16.6835158670856
660 4      28.700596155803     36.7589572243591     16.6835930281308
661 4     31.6231185996117     38.2696954769349     16.6614604679078
662 4      34.544090124049     39.7921065881832     16.6227599949444
663 4     37.4610743120785     41.3318633912649      16.577165394544
664 4     16.9582975412554     27.4063297895627     16.5344639625311
665 4     19.8389922335279     28.9406979930663     16.5692805630721
666 4     22.7337270353874     30.4626002717984     16.6043617263823
667 4     25.6410779284305     31.9752188186705     16.6307622535518
668 4     28.5572693016019     33.4840183077848     16.6407578492269
669 4     31.4780352392993     34.9954289007144     16.6313914038965
670 4     34.3996384079912     36.5162029637053     16.6052377403925
671 4     37.3191882077238     38.0524412035884     16.5699311399913
672 4     40.2348654403309     39.6074813792058     16.5346685884389
673 4     43.1463545709755     41.1803546545431     16.5064993395969
674 4     14.0090989030837     22.5482713467623     16.4885637535233
675 4     16.8696295979953     24.1008556631314     16.5012351464385
676 4     19.7402433284486     25.6445746436825      16.522359860255
677 4     22.6241085619887     27.1769398951122     16.5487295512401
678 4     25.5217823235916     28.6986055243771     16.5738049017903
679 4     28.4309285468055     30.2133972702466     16.5894550508134
680 4     31.3475324558977     31.7273775614708     16.5901971001119
681 4     34.2672015963685     33.2475725611087     16.5756057971662
682 4     37.1862578279895      34.780580229446      16.550691110571
683 4     40.1023053602172     36.3308234003514     16.5234554219813
684 4     43.0144353746859     37.8988829172965     16.5011407039255
685 4     45.9233217163755     39.4812996866392      16.487934180757
686 4     48.8307558703067     41.0716207989316     16.4850680192358
687 4     11.0770432553022     17.6775142394312     16.4928111082218
688 4     13.9335205345609     19.2350335220096     16.4815411296416
689 4     16.7916485111305     20.7927879011003     16.4797636538831
690 4     19.6567110100465     22.3456123116766     16.4873421843369
691 4     22.5328737624463     23.8893604159098     16.5030408635154
692 4     25.4221926412731     25.4222227034614     16.5228961901519
693 4     28.3239584897502     26.9457947299008     16.5400268431164
694 4     31.2351607608241      28.464746204591     16.5476941250492
695 4     34.1512832906452     29.9858137849654     16.5425363664646
696 4     37.0680149768028     31.5160930782285     16.5265845519701
697 4     39.9821180629922     33.0610311049948     16.5061791584977
698 4     42.8920576504727     34.6228976910516     16.4885508972043
699 4     45.7981645943589     36.1999071982478     16.4788411768143
700 4     48.7021433137178     37.7868249959555     16.4792385701465
701 4      51.606401302492     39.3764823042741     16.4905829357172
702 4     54.5133137450875     40.9610026784151     16.5135335755032
703 4     8.12229804296116     12.8180696078689      16.547694125049
704 4     10.9924249091693     14.3651359445011     16.5115352493725
705 4     13.8553583131967     15.9221030202772     16.4853899973347
706 4     16.7164878336399      17.483951797264     16.4701462067912
707 4     19.5811027507326     19.0450135379503     16.4655702001924
708 4     22.4538566824218     20.5999867989987     16.4709788850076
709 4     25.3378419953275     22.1450641834732     16.4840747802645
710 4     28.2338122156394     23.6793945448332     16.4998778849819
711 4     31.1398960765831     25.2056102580546     16.5115352493724
712 4     34.0522177411178     26.7294132085096     16.5135335755032
713 4     36.9661052115486     28.2578916002739     16.5049912594209
714 4     39.8775219288872     29.7975276829964     16.4899121942029
715 4     42.7841551937837     31.3521678440078      16.475049652831
716 4     45.6856981073491     32.9219097049219     16.4664687244217
717 4     48.5837149804615     34.5031045879668      16.467623766741
718 4     51.4808726547504     36.0894087043238     16.4801119809058
719 4     54.3800711262756     37.6732629093707     16.5049912594208
720 4     57.2839065944329     39.2470091076567     16.5425363664645
721 4      60.194020484571     40.8043466681771      16.590197100112
722 4     5.11442662269994     7.98931152400831      16.640757849227
723 4     8.01003790475801     9.51520773959048     16.5894550508134
724 4     10.8933497426957     11.0563702229092     16.5400268431164
725 4     13.7672084189458     12.6115013520066      16.499877884982
726 4     16.6361874279041     14.1760354858576     16.4719905945733
727 4     19.5052470517031     15.7440290090558     16.4564986185297
728 4     22.3791116646719     17.3092996463138     16.4527120221505
729 4     25.2614841215334     18.8664846857604     16.4590558919571
730 4     28.1542490161632     20.4125187732255     16.4719905945736
731 4     31.0568024150475     21.9477536629357     16.4853899973346
732 4     33.9661906538703     23.4761394732122     16.4928111082217
733 4     36.8779088592357     25.0042133737154     16.4905829357171
734 4     39.7873624247727     26.5390391758435     16.4801119809058
735 4     42.6912562570868     28.0859645653257     16.4668780471076
736 4     45.5884489988188     29.6470441680427     16.4573694819478
737 4     48.4799941176474     31.2204499170679     16.4565477065493
738 4      51.368602423644     32.8011001809057     16.4668780471075
739 4     54.2577267278271     34.3820840297916     16.4899121942028
740 4     57.1508014942052     35.9559057247895     16.5265845519703
741 4      60.050713402728     37.5157415220649     16.5756057971662
742 4     62.9589845735269     39.0573022728649     16.6313914038966
743 4     65.8749644438448     40.5808709148141      16.683593028131
744 4     2.05417773197367     3.19095526936874     16.7205604885878
745 4     4.97104968960093     4.69910044942405     16.6835158670856
746 4     7.87918099607554       6.218215457102     16.6307622535517
747 4     10.7764591497309     7.75320907989838     16.5738049017904
748 4     13.6636847463262     9.30515329551359     16.5228961901518
749 4     16.5439625998373     10.8706827532931     16.4840747802646
750 4     19.4214746700805     12.4438446436649     16.4590558919571
751 4     22.3005421740974     14.0178283120317     16.4472281759444
752 4     25.1850602114724     15.5861472538881     16.4472281759443
753 4     28.0776414283228     17.1438434924442     16.4564986185297
754 4     30.9788383725661     18.6890184262209     16.4701462067912
755 4     33.8868032798381     20.2235979427519     16.4815411296417
756 4     36.7976985760221     21.7528646702159     16.4850680192358
757 4     39.7067214659383     23.2838808304523     16.4792385701467
758 4       42.60972092481     24.8231790893188     16.4676237667409
759 4     45.5044436930672     26.3746815226689     16.4565477065494
760 4     48.3910717488258      27.938598300559     16.4518766142521
761 4     51.2719406460606     29.5115178655474     16.4573694819478
762 4     54.1507679685582     31.0875457024005     16.4750496528311
763 4     57.0317055295627     32.6597494095198     16.5061791584978
764 4      59.918808871894     34.2212608362372     16.5506911105709
765 4     62.8152119611476     35.7667326775051     16.6052377403925
766 4     65.7220409271399     37.2945231090577     16.6614604679077
767 4     68.6377755008597     38.8078069280616     16.7078673482764
768 4     71.5589109244748     40.3127853285677     16.7338586741689
769 4     4.81686029481095      1.4129898427593     16.7078146037926
770 4     7.73374936168359     2.92727568494184     16.6612057428474
771 4     10.6428225304238      4.4566849994473     16.6043617263822
772 4     13.5430971215414     6.00458280510311     16.5487295512401
773 4     16.4358418672623     7.56936089059144     16.5030408635154
774 4     19.3240315220578     9.14561690041286     16.4709788850075
775 4      22.211222701065     10.7262293925777     16.4527120221506
776 4     25.1010052376689     12.3039218849188     16.4472281759446
777 4     27.9962732575017     13.8723684119471     16.4527120221505
778 4     30.8984500383301     15.4276582656156     16.4655702001923
779 4     33.8067941567022     16.9695093182302      16.479763653883
780 4     36.7183622205919     18.5015262432582     16.4885637535234
781 4     39.6286741364076     20.0301133892272     16.4879341807572
782 4     42.5330219521503     21.5624203862919     16.4788411768141
783 4     45.4280842984171       23.10402029813     16.4664687244218
784 4     48.3128256015978     24.6572328680869     16.4573694819478
785 4     51.1887774357627     26.2206634619403     16.4565477065494
786 4      54.059432840711     27.7898648986251     16.4664687244218
787 4     56.9293518766697     29.3587345102553     16.4885508972042
788 4     59.8033350738276     30.9207680092324     16.5234554219813
789 4     62.6858584032851     32.4702092633814     16.5699311399913
790 4      65.580001862266       34.00368200954     16.6227599949444
791 4     68.4861803782729     35.5219715758808      16.672457532477
792 4     10.4976126186953     1.16708196405895     16.6225363588185
793 4     13.4081959668131     2.71072226318419     16.5692805630722
794 4     16.3120969739261     4.27326487748147     16.5223598602549
795 4     19.2108483187722     5.85040493371126      16.487342184337
796 4     22.1070548341759     7.43522564727263     16.4655702001924
797 4     25.0037191432127      9.0200249493385     16.4564986185297
798 4     27.9036488316248     10.5975681214133     16.4590558919572
799 4      30.808719418759     12.1622937514269     16.4709788850076
800 4     33.7190482944199     13.7118802054506      16.487342184337
801 4     36.6326743326291      15.247941834975     16.5012351464384
802 4     39.5457329444767      16.775661811884      16.506499339597
803 4     42.4535304288776     18.3021523052737     16.5011407039253
804 4     45.3518057193348     19.8341627003702     16.4885508972042
805 4     48.2382920841353     21.3760813552688     16.4750496528311
806 4     51.1133565657465     22.9287301554456     16.4668780471075
807 4     53.9797793412056     24.4895112243914     16.4676237667409
808 4     56.8420286999681     26.0534673171374     16.4788411768141
809 4     59.7052494429136     27.6147596791068     16.5011407039254
810 4     62.5747240829716     29.1676386228991     16.5346685884391
811 4       65.45497827537      30.707621198728      16.577165394544
812 4     16.1773451559424    0.983151580880923     16.5344639625313
813 4     19.0843036926142     2.55909995273208     16.5012351464387
814 4     21.9881649554059     4.14560023150803     16.4797636538829
815 4     24.8912814170326      5.7349272273537     16.4701462067911
816 4     27.7961711791714     7.31934319175539     16.4719905945733
817 4     30.7048030280739     8.89215051407214     16.4840747802645
818 4       33.61789199353     10.4491761443373     16.5030408635155
819 4     36.5342673208639     11.9900579296745      16.522359860255
820 4     39.4509649260408     13.5184160803948     16.5344639625313
821 4     42.3636257231748     15.0406748995722      16.534668588439
822 4     45.2675748124325     16.5642034920932     16.5234554219814
823 4     48.1593916539224     18.0950143871624     16.5061791584977
824 4     51.0379665897629     19.6361831888892     16.4899121942028
825 4     53.9049801669542     21.1873470215098     16.4801119809058
826 4     56.7643504668212     22.7450890752693     16.4792385701467
827 4     59.6212193936941     24.3043818258107     16.4879341807571
828 4     62.4811277310251       25.85977843525     16.5064993395971
829 4      21.859146499563    0.858099860818083     16.4885637535234
830 4     24.7662838088397     2.44926598607698     16.4815411296418
831 4     27.6744468949944     4.03804076762566     16.4853899973347
832 4     30.5855869886534     5.61700155399879     16.4998778849819
833 4     33.5007302356394     7.18052145186358      16.522896190152
834 4     36.4194019397085     8.72637475062314       16.54872955124
835 4     39.3394194228976     10.2564771945881     16.5692805630722
836 4     42.2571626590288     11.7763103116841     16.5771653945438
837 4     45.1681686354683     13.2931444347072     16.5699311399913
838 4     48.0681485465936     14.8139538359939     16.5506911105709
839 4     50.9543987754693      16.343796098659     16.5265845519702
840 4      53.827038908653     17.8846403920324     16.5049912594207
841 4     56.6889050847495     19.4350992236876     16.4905829357171
842 4     59.5447608001484     20.9913094325296     16.4850680192358
843 4     27.5433737140661    0.754243738195152     16.4928111082217
844 4     30.4542866374862     2.33715124828294     16.5115352493727
845 4     33.3692993907927     3.90573249802854     16.5400268431163
846 4     36.2883661499161     5.45608284656304     16.5738049017904
847 4     39.2100580574274     6.98861217959278     16.6043617263822
848 4     42.1315428103044     8.50765822484875     16.6225363588187
849 4     45.0491232601623      10.020006303954     16.6227599949443
850 4     47.9583648773384     11.5328592604666     16.6052377403924
851 4     50.8553002473806     13.0524808185034     16.5756057971663
852 4     53.7380253613992     14.5829720090551     16.5425363664647
853 4     56.6076837602719     16.1253790147523     16.5135335755033
854 4     33.2291488194534    0.625081638378507     16.5476941250492
855 4     36.1456411716751     2.17929244100147     16.5894550508133
856 4     39.0663486987326     3.71446317506594     16.6307622535518
857 4     41.9891019609438     5.23398557124874     16.6612057428473
858 4     44.9109113369109     6.74403709798902     16.6724575324771
859 4     47.8280557197256     8.25157631568443     16.6614604679079
860 4      50.736195433651     9.76306372809774     16.6313914038965
861 4     53.6316623060085     11.2840706720291     16.5901971001118
862 4     38.9149116989368    0.434567619045439     16.6407578492269
863 4     41.8360065398892     1.95550508995709     16.6835158670856
864 4     44.7589565023013     3.46502846040719     16.7078146037927
865 4      47.680730663259     4.96983419464861     16.7078673482762
866 4     50.5976546468294     6.47596676250378      16.683593028131
867 4     44.6005345572257    0.183492465093126     16.7205604885877
868 4     47.5235124784366     1.68756750965028     16.7338586741689
869 5     25.0668488681086     40.2139156352887     18.3775917937838
870 5     28.0003646312523     41.7245470075812     18.3642919451431
871 5     21.9832120150957     35.4098747064558     18.3273287985001
872 5     24.9097277250153      36.920242505396     18.3513891693001
873 5     27.8416893724834     38.4311799497521     18.3514431561315
874 5     30.7729436814646     39.9473514835596     18.3274499966211
875 5     33.6981685311234     41.4739594949164     18.2851546120773
876 5     18.9458919132224     30.5995425936332     18.2344675738183
877 5     21.8465846083105     32.1182360136666     18.2749757273981
878 5     24.7625937242118     33.6312120317656     18.3047435455503
879 5     27.6888029335163     35.1433030701429     18.3158438370647
880 5      30.618713632595     36.6595130235438     18.3051585860786
881 5     33.5463109580745     38.1851385601335     18.2755318669009
882 5     36.4671745737897     39.7251282658153     18.2348577139727
883 5     39.3793519408091      41.282340514965     18.1930011038409
884 5     15.9724437329235     25.7690973394998     18.1579417218788
885 5      18.843453509206      27.304350354102      18.185995494945
886 5     21.7295340416445     28.8299087805788     18.2184718939541
887 5     24.6322191961281     30.3481293979888     18.2478763095342
888 5     27.5489085445049     31.8632698437927     18.2657669595785
889 5     30.4738461579324     33.3804115869544     18.2662928316553
890 5     33.4004397283497     34.9050426725817     18.2492322576184
891 5     36.3232786193037     36.4423925371061     18.2199114950767
892 5       39.23925752146      37.996086623255     18.1868490448668
893 5      42.148036457159     39.5666378147681     18.1580451769149
894 5     45.0513884770963     41.1507816199508     18.1382689054005
895 5     13.0400642082968     20.9170763035776     18.1289454782698
896 5     15.8957748783709      22.465761920555     18.1335392743321
897 5     18.7580784658728     24.0089237277438     18.1471103127175
898 5     21.6323058032116     25.5437467790956     18.1682325910921
899 5     24.5220227975627     27.0702449652456     18.1922793388934
900 5     27.4273367614759     28.5911512065402     18.2120645524445
901 5     30.3445081752023     30.1110248205608     18.2203679412758
902 5     33.2673217740065     31.6353736269116     18.2140069412916
903 5     36.1894492086798     33.1697263401086     18.1952297507444
904 5     39.1064226706723     34.7184834486237     18.1706660546929
905 5     42.0166105096426     36.2835107514216      18.148147677838
906 5     44.9209398064998      37.863196716395     18.1331417528119
907 5     47.8216833785655     39.4526288165918     18.1280209710956
908 5     50.7212760562414     41.0448366826953     18.1334525406433
909 5     10.1095576229481     16.0615425434555     18.1498355600596
910 5     12.9684511803409     17.6097615445304     18.1303072721677
911 5     15.8244190377708     19.1619832627865     18.1206392946264
912 5     18.6831881582943     20.7129751718149     18.1207450774958
913 5     21.5502056318475     22.2581780205515     18.1301210380791
914 5     24.4300575653481     23.7952131636282      18.146454336308
915 5     27.3249359670688     25.3246368546449     18.1644483664384
916 5      30.233475434643     26.8496804089731     18.1769852222956
917 5     33.1508171523913     28.3753220914735     18.1787037757927
918 5     36.0704412211455     29.9072383653617      18.168672330026
919 5     38.9866308604355     31.4505476402254     18.1512538982218
920 5     41.8962626877295     33.0084183526641     18.1334256521577
921 5     44.7991843345071     34.5809768449455     18.1214399465823
922 5     47.6972904611319     36.1648579824822     18.1188948600883
923 5     50.5932174458911     37.7540032747771     18.1271398450213
924 5     53.4896271617935     39.3410496416811     18.1469661600087
925 5     56.3894129444119     40.9186840457566     18.1787037757928
926 5     7.14190523263519     11.2236025347893     18.2203679412758
927 5     10.0218287138402      12.758117566607     18.1769852222956
928 5     12.8895155353275     14.3044115002603     18.1424498356012
929 5     15.7506096509358     15.8591119373932     18.1190551128762
930 5     18.6108839371462     17.4169636678098     18.1070331599984
931 5     21.4757905423391     18.9723466625761     18.1058231670234
932 5     24.3502425012173     20.5208247578771     18.1141154758724
933 5     27.2376869287654     22.0606031871273     18.1283448024708
934 5     30.1387618521608     23.5930438046406     18.1424498356012
935 5     33.0504609295358     25.1219924566151     18.1498355600596
936 5     35.9669815155142     26.6528511402307     18.1469661600088
937 5     38.8818163317996     28.1911838846927     18.1353567223624
938 5     41.7903506073676     29.7413402635186     18.1206651486597
939 5     44.6910256276213     31.3051289561167     18.1095860801706
940 5     47.5850581764561     32.8809602679612     18.1068632770783
941 5     50.4751614157272     34.4640320008117     18.1150146947492
942 5     53.3644449898282     36.0475622707116     18.1353567223625
943 5     56.2562793196929     37.6242572957708      18.168672330026
944 5     59.1544480809403     39.1877623160605     18.2140069412917
945 5     62.0624330929424     40.7344641844116     18.2662928316554
946 5     4.11167705042814     6.40755520573471     18.3158438370646
947 5     7.02221634421017     7.92641972417907     18.2657669595784
948 5     9.91674009978179     9.45719479031883     18.2120645524445
949 5     12.7968249075532     11.0017702769422     18.1644483664384
950 5     15.6671855015828     12.5582272270745     18.1283448024708
951 5     18.5334493907088     14.1217123042354     18.1052675860066
952 5     21.4010155190053     15.6861494366613     18.0947414784047
953 5     24.2747193806276     17.2457375678414     18.0955728054028
954 5     27.1585727794616     18.7966033066138     18.1052675860067
955 5     30.0546248681885     20.3379133993392     18.1190551128762
956 5      32.961811136392     21.8720085086598     18.1303072721677
957 5     35.8756342081332     23.4034952357207     18.1334525406433
958 5     38.7896088441881     24.9380099299432     18.1271398450213
959 5     41.6978355602451      26.480756045734     18.1150146947493
960 5     44.5971322786626     28.0350612047259     18.1034832939385
961 5     47.4875773117395     29.6012138601072      18.098420595908
962 5     50.3715808094387     31.1760148100573     18.1034832939385
963 5     53.2526526559461      32.753619510879     18.1206651486597
964 5     56.1347295379759     34.3271083484609     18.1512538982217
965 5     59.0221727915976     35.8899493679394     18.1952297507444
966 5     61.9195055592865     37.4376442630644     18.2492322576183
967 5     64.8297845012836      38.969454552877     18.3051585860786
968 5     67.7526051964805     40.4885946459552     18.3514431561315
969 5     1.03137478896722     1.60157009496289     18.3775917937839
970 5     3.96233996276312     3.11233575851872     18.3513891693001
971 5     6.88429090714993     4.62942921287766     18.3047435455503
972 5       9.792711134766     6.15806287643924     18.2478763095343
973 5     12.6865405234738     7.70157221224759     18.1922793388934
974 5     15.5687838779838     9.25944388569354      18.146454336308
975 5     18.4443949512869     10.8275162154272     18.1141154758724
976 5     21.3184652177616     12.3996548694412     18.0955728054028
977 5     24.1955358744129     13.9692991502795     18.0897129181497
978 5     27.0796320146179     15.5309996262643     18.0947414784047
979 5     29.9736268989537     17.0819173404813     18.1070331599985
980 5     32.8780906479928     18.6225569326056     18.1206392946263
981 5     35.7902232220601     20.1563324276845     18.1289454782697
982 5     38.7043230071222     21.6884782492778     18.1280209710955
983 5     41.6138125299995     23.2246362397843     18.1188948600883
984 5     44.5138675165423     24.7693890873908     18.1068632770782
985 5     47.4029516560729     26.3248413860904     18.0984205959079
986 5     50.2826862786648     27.8897396554795     18.0984205959079
987 5       53.15659587976     29.4596669089173     18.1095860801706
988 5     56.0290692371126     31.0283579141452     18.1334256521576
989 5     58.9049490608673     32.5893976934314     18.1706660546929
990 5     61.7894701509923     34.1377166000668     18.2199114950767
991 5     64.6872163098929     35.6712681286656     18.2755318669011
992 5     67.6000211067621     37.1919681825211     18.3274499966211
993 5     70.5254071031629     38.7044943119947     18.3642919451431
994 5      6.7336147006631     1.33308270862426        18.3273287985
995 5     9.65257113209097     2.86057924988966     18.2749757273981
996 5     12.5588713352342      4.4033741021735     18.2184718939541
997 5     15.4533852286862     5.96225297846695     18.1682325910921
998 5     18.3398213251479     7.53393652368261     18.1301210380791
999 5     21.2226422984604     9.11240684473119     18.1058231670233
1000 5     24.1059600896154     10.6907483879129     18.0947414784046
1001 5     26.9934230248494     12.2625050135559     18.0955728054028
1002 5     29.8881747824391     13.8231439435312     18.1058231670234
1003 5     32.7919044820138     15.3712942961636     18.1207450774958
1004 5     35.7035689738011     16.9088716330534     18.1335392743322
1005 5     38.6188269906402     18.4402560869515     18.1382689054003
1006 5      41.531183369516     19.9710766761029     18.1331417528119
1007 5     44.4345468949937     21.5067432800322     18.1214399465824
1008 5     47.3255937390959     23.0509990366431     18.1095860801706
1009 5     50.2045021583759     24.6047188868938     18.1034832939385
1010 5     53.0742895534788     26.1654455463251     18.1068632770782
1011 5     55.9394840169764     27.7280747766993     18.1214399465823
1012 5     58.8052085432214     29.2865874436995      18.148147677838
1013 5     61.6770192482287     30.8355577508256     18.1868490448668
1014 5     64.5604547087222     32.3717311836256     18.2348577139727
1015 5     67.4594900013886     33.8953451452566     18.2851546120773
1016 5     12.4181445619442     1.10785239738816     18.2344675738183
1017 5     15.3230839537397     2.66673425695236     18.1859954949449
1018 5     18.2196946501403      4.2405106137558     18.1471103127175
1019 5     21.1115149829305        5.82362798286     18.1207450774958
1020 5     24.0020967871388     7.40901644254744     18.1070331599986
1021 5     26.8945854530682     8.98958183998938     18.1052675860066
1022 5     29.7919701707344     10.5595564775343     18.1141154758724
1023 5     32.6965806662432     12.1157829066044     18.1301210380791
1024 5     35.6088345072255     13.6584631093389     18.1471103127175
1025 5      38.526006936552     15.1908067478594     18.1579417218788
1026 5     41.4424117791448     16.7179513841482     18.1580451769148
1027 5     44.3513961936133     18.2456967065559      18.148147677838
1028 5     47.2478833216351     19.7790186348678     18.1334256521576
1029 5     50.1302119831636     21.3208351272794     18.1206651486597
1030 5      53.000218270505     22.8710068551314     18.1150146947493
1031 5     55.8621122553458     24.4263006794106     18.1188948600882
1032 5     58.7210920704614     25.9815215091792     18.1331417528119
1033 5     61.5827670101735     27.5312057027607     18.1580451769148
1034 5     64.4529513920605     29.0711054788859     18.1930011038408
1035 5     18.0881569537632    0.947993363479424     18.1579417218787
1036 5     20.9872637710666     2.53326389723017     18.1335392743321
1037 5      23.884097937475     4.12335725544638     18.1206392946263
1038 5     26.7813731041143     5.71087211410615     18.1190551128763
1039 5     29.6817351928904     7.28906703663671     18.1283448024708
1040 5     32.5877661799067      8.8532404015168      18.146454336308
1041 5     35.5009165913408      10.401897693276      18.168232591092
1042 5     38.4200701602929     11.9368128397841     18.1859954949449
1043 5     41.3409119136076     13.4623489078262     18.1930011038408
1044 5     44.2569384767885     14.9841505275964     18.1868490448667
1045 5     47.1618435149377      16.507913759622      18.170666054693
1046 5     50.0518548480658     18.0381389129908     18.1512538982217
1047 5     52.9269539248494     19.5770487462728     18.1353567223625
1048 5      55.790388956398     21.1237816969568     18.1271398450213
1049 5     58.6472088607895     22.6746878358074     18.1280209710955
1050 5     61.5029997787408     24.2247571947748     18.1382689054004
1051 5     23.7563201928817    0.834488719576485     18.1289454782697
1052 5     26.6563453065057     2.42612739764832     18.1303072721677
1053 5     29.5583302357503     4.01044214593763     18.1424498356011
1054 5     32.4648467486166     5.58149031925145     18.1644483664384
1055 5     35.3780443022021     7.13608027334525     18.1922793388934
1056 5     38.2982022463599     8.67461456808623     18.2184718939542
1057 5      41.222571148072     10.2005024598172     18.2344675738183
1058 5     44.1455859639653     11.7189354522361     18.2348577139728
1059 5     47.0604664761812     13.2356857645041     18.2199114950767
1060 5     49.9615932461997     14.7561191936291     18.1952297507443
1061 5     52.8464947056388     16.2842992405445     18.1686723300261
1062 5     55.7166065691695     17.8218941197653     18.1469661600087
1063 5     58.5763049821026      19.367462983261     18.1334525406433
1064 5     29.4265890707547    0.724362450767968     18.1498355600596
1065 5     32.3313034747555      2.3000994752584     18.1769852222956
1066 5     35.2425307619809     3.85955145397945     18.2120645524445
1067 5     38.1616772923445     5.40170517641044     18.2478763095342
1068 5     41.0874518828372     6.92908218728226     18.2749757273982
1069 5     44.0155567139653     8.44649026150395     18.2851546120772
1070 5     46.9396879785099     9.95938821287799      18.275531866901
1071 5      49.853269958841      11.473107966031     18.2492322576184
1072 5     52.7514453915305      12.992658958705     18.2140069412916
1073 5      55.632985149674      14.521788764447     18.1787037757927
1074 5     35.1001942154012     0.57327009548838     18.2203679412757
1075 5     38.0154827345235     2.11820788286676     18.2657669595785
1076 5     40.9397229918769     3.64725620619521     18.3047435455503
1077 5     43.8697809074798     5.16494003575843        18.3273287985
1078 5     46.8002504582506     6.67647523559637     18.3274499966211
1079 5     49.7247171125986     8.18682732525627     18.3051585860785
1080 5     52.6369359956024     9.70091913031103     18.2662928316554
1081 5     40.7861276392942     0.35703917496086     18.3158438370646
1082 5     43.7145399354603     1.87531918692378     18.3513891693001
1083 5      46.647443512062     3.38675358210115      18.364291945143
1084 5     49.5789206775133     4.89602030596982     18.3514431561316
1085 5     46.4883839661628   0.0924117205869482     18.3775917937839
1086 6      25.059113493259      40.226501257061     15.0894406724248
1087 6     27.9717879821623     41.7234526007698      15.076295280596
1088 6     21.9931283821509      35.454822464717     15.0395545465977
1089 6     24.9012693543758     36.9555877878383     15.0634934929856
1090 6     27.8131115370009     38.4534947840986     15.0635488833093
1091 6     30.7277383897098     39.9553613264625     15.0396468575207
1092 6     33.6445701623081     41.4690607834125     14.9972462322717
1093 6     18.9598219916475     30.6513567253003     14.9462999545087
1094 6     21.8516603752638     32.1729719471419     14.9870151611308
1095 6     24.7531774806481     33.6814894457137     15.0169353704475
1096 6      27.661810581125     35.1833781713836     15.0280355340109
1097 6     30.5755317286615     36.6861579075484      15.017258861759
1098 6     33.4932567581782     38.1979559376143     14.9875223162512
1099 6     36.4136412065441      39.726513121736      14.946631459265
1100 6      39.334238984072     41.2761857329648      14.904597328537
1101 6     15.9793839445583     25.8011744121131     14.8694008636888
1102 6     18.8487404225532     27.3494991462609     14.8976633302457
1103 6     21.7297621737057     28.8832950686049      14.930312875744
1104 6     24.6225786732287     30.4026803955647     14.9598457655802
1105 6     27.5254678647069     31.9119359884396     14.9776991862038
1106 6      30.436022658184     33.4182562138029     14.9781923067227
1107 6     33.3522313147762     34.9302530772688     14.9610347302814
1108 6     36.2723273950644     36.4561469518212     14.9315339382661
1109 6     39.1940546522998     38.0014617776745      14.898266301058
1110 6     42.1148452732298     39.5669121601209     14.8694082979558
1111 6     45.0330827661485     41.1483038416664     14.8496119164948
1112 6     13.0380564642239     20.9215311329809     14.8403548384011
1113 6      15.893771224634      22.484988598125     14.8450380680237
1114 6     18.7559572082367     24.0419148965793     14.8587086142878
1115 6     21.6285869868363     25.5875273567204     14.8798787094096
1116 6      24.513328829934     27.1193012666877     14.9040400067153
1117 6     27.4095707559955     28.6386716849303     14.9237619357391
1118 6     30.3152700778601     30.1512203922928     14.9320212313114
1119 6     33.2279802953782      31.665233917626     14.9255417462586
1120 6     36.1453282100253     33.1894807844936     14.9066010979284
1121 6     39.0648656080882     34.7306736917554     14.8819339924023
1122 6      41.984102884749     36.2912868648335     14.8593178655913
1123 6     44.9013271703089      37.868880970398     14.8443229828981
1124 6     47.8165474866714     39.4572768292926     14.8392615455442
1125 6     50.7313234808814     41.0485570510603      14.844730823863
1126 6     10.0985337873766     16.0383718629423     14.8611750782658
1127 6     12.9578534793971      17.601499160228     14.8417507482652
1128 6     15.8149608458498     19.1679451705429     14.8321884815378
1129 6     18.6753863951467      20.732104575466     14.8323759432419
1130 6     21.5438325395725     22.2885296447431     14.8417835990772
1131 6     24.4232056669778     23.8329427583637     14.8581063133265
1132 6     27.3139898155689     25.3641130522069     14.8760284219353
1133 6     30.2148027193916     26.8850972496719     14.8885222322958
1134 6      33.123272579012     28.4028453867764     14.8900508033944
1135 6     36.0366564129661     29.9262413385694     14.8799012278186
1136 6     38.9522020586685     31.4631639841487     14.8623509185319
1137 6     41.8673581510788     33.0179319190129     14.8444668055485
1138 6     44.7803353281943     34.5901051362014     14.8325147064612
1139 6     47.6909586849779     36.1749738891468     14.8299941682162
1140 6     50.6008156304909     37.7652624300559     14.8382854626346
1141 6     53.5122582218337      39.352664901819      14.858166020563
1142 6     56.4270211040298      40.928776698388     14.8900508033944
1143 6      7.1217138950667     11.1781838138667     14.9320212313114
1144 6     10.0004931876989     12.7242381004923     14.8885222322958
1145 6     12.8701424141318     14.2842105683539     14.8539293619294
1146 6     15.7346077536012     15.8523866957712     14.8306629810167
1147 6     18.5989236936515      17.422567348684     14.8187213614919
1148 6      21.468028644831     18.9887062436247     14.8175557262698
1149 6      24.345692767892     20.5453143243658     14.8258108013293
1150 6     27.2335233756597     22.0889272145169     14.8399698095417
1151 6     30.1309538925476     23.6199218856999     14.8539293619295
1152 6     33.0359064493742     25.1431247185238     14.8611750782659
1153 6     35.9456068751431     26.6666425830712      14.858166020563
1154 6     38.8570764940511     28.1991868776475     14.8464266696844
1155 6     41.7675658337896      29.746967521692     14.8316747618097
1156 6     44.6750586443455     31.3117609591135      14.820571719536
1157 6     47.5790747304715     32.8907594145891     14.8178611037663
1158 6     50.4810777470061     34.4777699597966     14.8260402387621
1159 6     53.3837457039077     36.0649861022099     14.8464266696843
1160 6     56.2896287813278     37.6440143113124     14.8799012278187
1161 6     59.1999785905774     39.2069028906178     14.9255417462586
1162 6     62.1141192510642     40.7482979826295     14.9781923067227
1163 6      4.0904671708902     6.36414159223559     15.0280355340109
1164 6     6.99179056654076      7.8817864276685     14.9776991862038
1165 6      9.8844691610362     9.41804873905398      14.923761935739
1166 6     12.7681105933697     10.9725525328887     14.8760284219353
1167 6     15.6447379508788     12.5404594706202     14.8399698095417
1168 6     18.5180853197278     14.1150735680164     14.8169906377686
1169 6     21.3926570953293     15.6895214837071     14.8065479408778
1170 6     24.2725896611817     17.2573011234788     14.8073531479269
1171 6     27.1605055007375     18.8132283504984     14.8169906377685
1172 6     30.0568015867646     20.3551340697507     14.8306629810166
1173 6     32.9599545521622     21.8853175790501     14.8417507482652
1174 6     35.8673885622977     23.4103363765191      14.844730823863
1175 6     38.7760590373916     24.9389605731899     14.8382854626346
1176 6     41.6829799731285     26.4790107594263      14.826040238762
1177 6      44.585766325177     28.0346042846238     14.8144599956715
1178 6     47.4833962856233     29.6051408920131     14.8093875991301
1179 6     50.3768680817655     31.1860864745652     14.8144599956716
1180 6     53.2689183912668     32.7705380745304     14.8316747618097
1181 6     56.1628700131999     34.3506163934513     14.8623509185318
1182 6     59.0613411416001     35.9182820514221     14.9066010979284
1183 6      61.965442616972     37.4667887715516     14.9610347302814
1184 6     64.8744505996793     38.9935287366649      15.017258861759
1185 6     67.7862193276471      40.502186360295     15.0635488833092
1186 6     1.02434300821473     1.58857825294918     15.0894406724248
1187 6     3.93595923558391     3.08733795344918     15.0634934929857
1188 6     6.84545751121612     4.59613579976933     15.0169353704476
1189 6      9.7502888465132     6.12243843991457     14.9598457655802
1190 6     12.6484035040237     7.66951486470046     14.9040400067153
1191 6     15.5395350396535      9.2346451702729     14.8581063133265
1192 6     18.4254612312427     10.8113312475426     14.8258108013293
1193 6     21.3095157445444     12.3920287004794     14.8073531479268
1194 6     24.1955358744129     13.9692991502796     14.8015720441668
1195 6     27.0867315048603     15.5365522099804     14.8065479408778
1196 6     29.9844599506928      17.089473374746      14.818721361492
1197 6     32.8879829075254     18.6277670132048     14.8321884815378
1198 6     35.7950850895294     20.1558437703543      14.840354838401
1199 6     38.7028656559932     21.6817064300761     14.8392615455441
1200 6     41.6082177859227     23.2140948074516     14.8299941682163
1201 6     44.5083729296193      24.759307697852     14.8178611037663
1202 6      47.401641259739     26.3192569953069       14.80938759913
1203 6     50.2881777011149     27.8913970143571       14.80938759913
1204 6     53.1703228544711     29.4701787205576     14.8205717195359
1205 6     56.0517604955765     31.0486331939949     14.8444668055485
1206 6     58.9362846523897       32.61929204377     14.8819339924023
1207 6     61.8268574356694     34.1749644472545     14.9315339382663
1208 6     64.7248435843493     35.7108057248128     14.9875223162511
1209 6     67.6295604800737     37.2271121921148     15.0396468575208
1210 6     70.5387476436071     38.7297896194673      15.076295280596
1211 6     6.68973061663808     1.31919665527674     15.0395545465977
1212 6      9.6026305397249     2.83760702627728     14.9870151611307
1213 6     12.5125233875593     4.37687852632079      14.930312875744
1214 6     15.4173295444585     5.93714210020156     14.8798787094096
1215 6     18.3167225936894     7.51324145177608     14.8417835990771
1216 6     21.2123554344311     9.09750505378328     14.8175557262699
1217 6      24.107219023049      10.681823757151     14.8065479408778
1218 6     27.0045022175125     12.2585676268802     14.8073531479268
1219 6     29.9062235439766     13.8216861534306     14.8175557262698
1220 6     32.8123719131087     15.3684861194182     14.8323759432419
1221 6     35.7212215918756     16.9009935093049     14.8450380680237
1222 6     38.6301256650533     18.4256417653786     14.8496119164948
1223 6     41.5360669792433     19.9512495079249     14.8443229828981
1224 6     44.4360660660293     21.4858554161012     14.8325147064612
1225 6     47.3278337476606      23.033855222006     14.8205717195359
1226 6     50.2105808395347     24.5951041424882     14.8144599956716
1227 6     53.0857675863864     26.1657277892359     14.8178611037663
1228 6     55.9568138522536     27.7398343493744     14.8325147064612
1229 6     58.8281966674255     29.3108518159681     14.8593178655913
1230 6     61.7042757030854     30.8720170066326      14.898266301058
1231 6     64.5884207127529     32.4174000116501      14.946631459265
1232 6     67.4820467771879     33.9442120500041     14.9972462322717
1233 6     12.3663071684329      1.0940091333474     14.9462999545087
1234 6     15.2813404961064     2.64873846213931     14.8976633302456
1235 6     18.1921840886462     4.22217796633717     14.8587086142878
1236 6     21.0988493149832     5.80730675595431     14.8323759432419
1237 6     24.0032239788943     7.39585672740851     14.8187213614919
1238 6     26.9080168027734     8.97959553232368     14.8169906377686
1239 6      29.815453624104     10.5512518789301     14.8258108013293
1240 6     32.7260524899767     12.1061263543194     14.8417835990771
1241 6     35.6384663263557      13.643804587922     14.8587086142878
1242 6     38.5503163904967     15.1687578119694     14.8694008636887
1243 6     41.4587697810645     16.6890698030075     14.8694082979559
1244 6     44.3609156943026     18.2136562208755     14.8593178655913
1245 6     47.2540965998218     19.7492297886693     14.8444668055486
1246 6     50.1367310214208     21.2982893054548     14.8316747618097
1247 6     53.0091575263425     22.8590141824542      14.826040238762
1248 6     55.8740387755767     24.4267262050788     14.8299941682164
1249 6     58.7358210969251     25.9956644233541     14.8443229828981
1250 6      61.599600192183     27.5598129385486     14.8694082979558
1251 6     64.4701776728621     29.1132518364601     14.9045973285371
1252 6     18.0569072881837    0.937965226756093     14.8694008636888
1253 6     20.9716148067291     2.52191534340865     14.8450380680236
1254 6     23.8836638698634     4.11218526709073     14.8321884815379
1255 6     26.7951982828728     5.70037668531666     14.8306629810166
1256 6     29.7083462967001     7.27851076570146     14.8399698095418
1257 6     32.6238669166074     8.84030952220187     14.8581063133264
1258 6     35.5406910919439     10.3832279939166     14.8798787094097
1259 6      38.456526704579     11.9096598424384     14.8976633302456
1260 6     41.3687985895432     13.4263573322521     14.9045973285371
1261 6     44.2748848910921     14.9423161173699     14.8982663010579
1262 6     47.1720649859993     16.4658291661517     14.8819339924022
1263 6     50.0581431746088     18.0020145240771     14.8623509185319
1264 6     52.9323930485184     19.5516219218197     14.8464266696844
1265 6     55.7963405785948     21.1115718984313     14.8382854626346
1266 6     58.6538021038125     22.6768116423084     14.8392615455441
1267 6     61.5100068152754     24.2418492946321     14.8496119164948
1268 6     23.7534660694853    0.830522547503331      14.840354838401
1269 6     26.6687995916793     2.42108071156042     14.8417507482652
1270 6     29.5855113165593     4.00376499678476     14.8539293619294
1271 6        32.5045072143     5.57123186574295     14.8760284219353
1272 6     35.4248752892809     7.11908131945039     14.9040400067153
1273 6     38.3443220619737     8.64772385591281      14.930312875744
1274 6     41.2604784631583     10.1625315921908     14.9462999545087
1275 6     44.1711533271802      11.671881768291      14.946631459265
1276 6     47.0740304157435     13.1846835026013     14.9315339382663
1277 6     49.9665458948519     14.7080320657613     14.9066010979285
1278 6     52.8469300521833     16.2455392517954     14.8799012278185
1279 6     55.7153501495004     17.7964874167869     14.8581660205631
1280 6     58.5745032032981     19.3569014740976      14.844730823863
1281 6     29.4521673864878     0.72640086937243     14.8611750782659
1282 6     32.3713117161481     2.29856210067431     14.8885222322957
1283 6     35.2925677062069     3.85117702685418     14.9237619357391
1284 6     38.2137401034967      5.3827786153592     14.9598457655802
1285 6     41.1323167082499     6.89731847741935     14.9870151611307
1286 6     44.0465983069812     8.40252206826052     14.9972462322717
1287 6     46.9551149039498        9.90703323925     14.9875223162511
1288 6      49.855541314729     11.4187530528566     14.9610347302814
1289 6     52.7452563605216     12.9436580934333     14.9255417462586
1290 6     55.6229215634355     14.4841728165126     14.8900508033944
1291 6     35.1496236503118    0.578493244679065     14.9320212313114
1292 6      38.069349191991     2.11417503473039     14.9776991862038
1293 6     40.9879726313743     3.63027220535547     15.0169353704476
1294 6     43.9037486244496     5.13387833084472     15.0395545465977
1295 6     46.8159163766937     6.63332138309972     15.0396468575207
1296 6     49.7232329181365     8.13610825746379      15.017258861759
1297 6     52.6230733372289     9.64924070524468     14.9781923067227
1298 6     40.8343298712235    0.360377687219353     15.0280355340109
1299 6     43.7493790332789     1.86497170955102     15.0634934929856
1300 6     46.6626796207077     3.36255268143992      15.076295280596
1301 6     49.5738843818292     4.86011375728344     15.0635488833093
1302 6     46.5031511217649   0.0928179408282982     15.0894406724248
