1 1     20.4894761838943      35.293781068472     9.73281484287799
2 1     17.8896239019493     30.2309830718409     9.79935824650969
3 1     20.6552482703144      32.012062026786     9.76095694788169
4 1     23.4150728892256     33.7981942497719     9.74723570781538
5 1     26.1729221747756     35.5833257803358     9.76120990556365
6 1     15.2456346889569     25.1941365135767      9.8996291627816
7 1     18.0348771300545     26.9561144525204     9.85195409527198
8 1     20.8103063739914      28.730864351029     9.81066346892231
9 1     23.5756262648713     30.5134535613317     9.78704020176663
10 1     26.3353981156421      32.297429772154     9.78758986052189
11 1     29.0933300740922     34.0759127062083     9.81200543674216
12 1     31.8525775096406     35.8417525257583     9.85318407998979
13 1     12.5455621181479     20.1897680046872     9.96361579377961
14 1      15.359140279699     21.9315048200332     9.94022478719549
15 1     18.1604803362679     23.6843379762735     9.90603457427045
16 1     20.9473401094944     25.4501223998167     9.86978696492014
17 1     23.7212257601427     27.2262884892838     9.84245100282217
18 1     26.4861040542492     29.0070099019396     9.83306553578371
19 1     29.2463566732005     30.7849020037213     9.84478111232122
20 1      32.005651154611     32.5523446961142     9.87345683546601
21 1     34.7668620521545      34.303292317243     9.90941746218529
22 1     37.5316323264971     36.0358611867957      9.9419541247837
23 1     9.82293022369035     15.2000749427851     9.95794977498316
24 1     12.6417495911669     16.9355500360948     9.97129924337119
25 1      15.458889945156      18.671426015035     9.96803632638529
26 1      18.267682159477     20.4146603605594      9.9506285098888
27 1     21.0638995327746     22.1696595091307     9.92489481506252
28 1     23.8467664443129     23.9366635737562     9.89992773716414
29 1     26.6186798332791     25.7116208626572     9.88549634465439
30 1     29.3837709556235     27.4874490385728     9.88767512102387
31 1     32.1462645444278     29.2559734770675     9.90560695373726
32 1     34.9094859242767     31.0102170558072     9.93184750436739
33 1      37.675307577132     32.7468702205977     9.95625615052921
34 1      40.443805743893     34.4677100596638     9.97076295310088
35 1     43.2135308785773     36.1792026376989     9.97147991528522
36 1     7.12874324382534     10.1966425194957     9.88549634465438
37 1     9.92968492537209     11.9443293967992     9.93230046105455
38 1     12.7400567273013     13.6804273694061     9.96505604981614
39 1     15.5535461092776     15.4116241955523     9.98064588069687
40 1     18.3633790501566     17.1457369185634     9.97985210967497
41 1     21.1641916636339     18.8892615292971     9.96648931089014
42 1     23.9534258280108     20.6452320857184     9.94757016394285
43 1     26.7317502261113     22.4120907732673     9.93230046105456
44 1     29.5023707029765     24.1840946618149     9.92854612347337
45 1     32.2695326761805     25.9530583955274      9.9386243695469
46 1     35.0370643927467     27.7110049253877     9.95776853459904
47 1     37.8072827156132     29.4530345487018     9.97676023257091
48 1     40.5804688832731     31.1790777456776     9.98673479319937
49 1      43.354996580524     32.8940602212445     9.98246693345514
50 1     46.1282651236698     34.6063573698397      9.9625424445336
51 1     48.8978549931711     36.3253799056781     9.92854612347335
52 1     4.49176092625437      5.1603644748404     9.78704020176663
53 1     7.26572963744502     6.93003987254756     9.84245100282217
54 1     10.0518580411291     8.68357375201118     9.89992773716413
55 1     12.8489916327369     10.4216592318644     9.94757016394285
56 1     15.6527678388219      12.149836345058     9.97886693937884
57 1     18.4572986253186     13.8761844243027     9.99249710840548
58 1     21.2569961638059     15.6087299507367      9.9907204675337
59 1     24.0481830072327     17.3530021081257     9.97886693937883
60 1     26.8300692728829     19.1101884124137     9.96505604981613
61 1      29.604685928034     20.8766702839041     9.95794977498316
62 1     32.3758828234411     22.6450707446819      9.9625424445336
63 1     35.1477782530467     24.4068062183852     9.97704451616724
64 1     37.9232892874602     26.1553376336691     9.99375485345277
65 1     40.7031576142717     27.8885283905668     10.0032930989673
66 1     43.4858151880037     29.6093527450923     9.99874053152251
67 1     46.2680250838422     31.3249577743156     9.97704451616725
68 1     49.0462415383375     33.0444654736409      9.9386243695469
69 1     51.8179436748224     34.7764131113891     9.88767512102386
70 1     54.5827554357818     36.5260858280013      9.8330655357837
71 1     1.89495090714975   0.0975163512527234     9.73281484287799
72 1     4.65411692212297     1.88193871017383     9.76095694788168
73 1     7.41818841232852     3.65682180489926     9.81066346892231
74 1     10.1908774175881     5.41586747662649     9.86978696492015
75 1     12.9735619054543     7.15704234358061     9.92489481506252
76 1     15.7643238250836     8.88409686662124     9.96648931089014
77 1      18.558945259948      10.604733710636     9.99072046753371
78 1              21.3525     12.3278716228715     9.99813166009343
79 1     24.1409789063848     14.0610331617016     9.99249710840548
80 1     26.9225850122884     15.8080367212713     9.98064588069687
81 1     29.6982417627371     17.5677635563349     9.97129924337118
82 1     32.4711259877991     19.3344142092217     9.97147991528521
83 1     35.2454099245251     21.0994983090991     9.98246693345514
84 1     38.0246407391337     22.8551442845402     9.99874053152252
85 1     40.8103687936609     24.5970428673107     10.0110769736207
86 1     43.6014795842355     26.3258921904515     10.0110769736207
87 1     46.3945421915866     28.0470290023875     9.99375485345276
88 1     49.1849020334081     29.7687394363852     9.95776853459903
89 1     51.9682839713703     31.4997612664457     9.90560695373725
90 1     54.7423288516369      33.246690888236     9.84478111232122
91 1     57.5076956018081      35.011391064229     9.78758986052189
92 1     60.2675583777308     36.7900846588093     9.74723570781537
93 1     7.57938872743378    0.377377227316928     9.79935824650969
94 1     10.3428815317692     2.14060452249796     9.85195409527199
95 1     13.1135214725967     3.88526832799901     9.90603457427046
96 1     15.8915444383859     5.61294663808719      9.9506285098888
97 1     18.6746667368411     7.33028429747689     9.97985210967498
98 1     21.4592224682966     9.04639728261019     9.99249710840548
99 1      24.241558576246     10.7701512072418      9.9907204675337
100 1     27.0194542130023     12.5075936525742     9.97985210967498
101 1      29.792984281324      14.260110454284     9.96803632638529
102 1     32.5645709294995      16.023955367199      9.9636157937796
103 1     35.3381846061082     17.7915081701025     9.97076295310086
104 1     38.1178921640366     19.5541780775596     9.98673479319936
105 1     40.9062471324698     21.3057043129179     10.0032930989673
106 1     43.7031516221036     23.0442946794667     10.0110769736207
107 1     46.5055952532585     24.7729970337442     10.0032930989673
108 1     49.3084347799099     26.4986451830967      9.9767602325709
109 1     52.1058927850601     28.2296195658464     9.93184750436737
110 1      54.893331882277     29.9733504246159       9.873456835466
111 1     57.6689410236712     31.7337104592751     9.81200543674216
112 1     60.4346029895207     33.5091513524323     9.76120990556366
113 1      13.263420408351    0.606038680665616      9.8996291627816
114 1     16.0321895427809     2.33565325249157      9.9402247871955
115 1       18.80562577352     4.05207839929539      9.9680363263853
116 1      21.581368878434     5.76395395179091     9.98064588069688
117 1     24.3565491539454     7.48077641543081     9.97886693937882
118 1     27.1289845112825     9.21025647269609     9.96648931089014
119 1     29.8982734021371     10.9560078699679     9.95062850988881
120 1     32.6661701775201     12.7164567960897     9.94022478719549
121 1     35.4362126017367     14.4854164468459     9.94195412478368
122 1     38.2127247059642     16.2543383468898      9.9562561505292
123 1     40.9992825044769     18.0155500054304     9.97676023257089
124 1     43.7971685209533     19.7648631011722     9.99375485345276
125 1     46.6045440728626     21.5027327075964     9.99874053152253
126 1     49.4166389526903     23.2339739139917     9.98673479319938
127 1     52.2269677169038     24.9660211697413      9.9562561505292
128 1     55.0290915540988     26.7065978315724     9.90941746218529
129 1     57.8185794486415     28.4612121749881      9.8531840799898
130 1     18.9473669523526    0.769891496728184     9.96361579377961
131 1      21.717508646096      2.4803012761847     9.97129924337118
132 1     24.4873739998158     4.19299908679471     9.96505604981614
133 1     27.2550825392523     5.91672355103163     9.94757016394286
134 1     30.0200385617711     7.65691301590315      9.9248948150625
135 1     32.7834981911354     9.41400856434197     9.90603457427046
136 1      35.548444902692     11.1834396743722     9.89962916278161
137 1     38.3190463937467     12.9573395884135     9.90941746218527
138 1     41.0996212906631     14.7273931155754     9.93184750436737
139 1     43.8930335738452      16.487485375456     9.95776853459904
140 1     46.6991966631111     18.2354657445281     9.97704451616724
141 1     49.5145934949509     19.9736712068854     9.98246693345513
142 1     52.3330096499988     21.7080115074626     9.97076295310088
143 1     55.1471550717662     23.4459521035873     9.94195412478368
144 1     24.6298838482757    0.906869641925279     9.95794977498315
145 1     27.3960648485166     2.62719469854804     9.93230046105455
146 1      30.158875514558     4.36337754284712     9.89992773716413
147 1     32.9192824729175     6.11762499217125     9.86978696492013
148 1     35.6797413381763     7.88689589359609     9.85195409527199
149 1     38.4438430417179      9.6642650364825      9.8531840799898
150 1     41.2160169631119     11.4415346164988     9.87345683546601
151 1     44.0004514842019     13.2114949937157     9.90560695373726
152 1      46.799225785482     14.9697058680606     9.93862436954691
153 1     49.6108520528891     16.7158016227073      9.9625424445336
154 1     52.4303431336236     18.4536128903083     9.97147991528521
155 1     30.3100769228955     1.07535148646161     9.88549634465438
156 1     33.0705446024122     2.82728650678311     9.84245100282215
157 1     35.8290052136801     4.59592871268623     9.81066346892232
158 1     38.5884873706169     6.37525456945661      9.7993582465097
159 1     41.3527289022366     8.15760657174549     9.81200543674216
160 1     44.1263144751626     9.93563684527153     9.84478111232122
161 1      46.913285369554     11.7033675872669     9.88767512102387
162 1     49.7147743038525      13.457755169736     9.92854612347337
163 1     35.9901128088743     1.30979683244242     9.78704020176664
164 1     38.7481348075627     3.08961413165463     9.76095694788167
165 1     41.5074748357037     4.87475260446083     9.76120990556366
166 1     44.2719062825497     6.65840890084593      9.7875898605219
167 1      47.046140509969     8.43413400728804     9.83306553578371
168 1     41.6730729089559      1.5923174488897     9.73281484287799
169 1     44.4323687330436     3.37895082864771     9.74723570781537
170 2      19.633840594395     33.6175445901495     11.3914516150548
171 2     22.3807661179495     35.3983836287657     11.3771927168834
172 2     17.0300739268644     28.5719613902273     11.4767537838642
173 2     19.7953443910062     30.3479465481251       11.43098009141
174 2      22.547952406228     32.1281305267877     11.4051411269866
175 2     25.2953466793536     33.9078127475474     11.4054205814043
176 2     28.0436764627551     35.6824766105801     11.4315367317104
177 2     14.3597991878747     23.5417730795319      11.571767828441
178 2     17.1603772728764     25.3032431751208     11.5293273844783
179 2     19.9415055720749     27.0747570397721     11.4863646389272
180 2     22.7052720027703     28.8525791753509     11.4547087537848
181 2     25.4581932781662     30.6315408839374     11.4435956619917
182 2     28.2077253024355     32.4061967739526     11.4561753858613
183 2     30.9601702295508     34.1704647132457     11.4885222819779
184 2     33.7202294078607     35.9186603796944     11.5309042334224
185 2     11.6321455452319     18.5315973102097     11.6140441875901
186 2     14.4563118707369      20.278613840405     11.6024361432355
187 2        17.2698427801     22.0327818272907      11.577042573413
188 2     20.0664246239903      23.796786673376     11.5442136666461
189 2     22.8443337380204     25.5692411738768     11.5138277539181
190 2     25.6070802571275     27.3456557032322     11.4962434446773
191 2     28.3616361523244     29.1199855447714     11.4977964379656
192 2      31.115460941315     30.8855769937853     11.5178357507425
193 2     33.8743131280488      32.636337601952     11.5489791023619
194 2     36.6409296701036     34.3690135316271     11.5806381745844
195 2     39.4146378193822      36.085240675904     11.6038819259132
196 2     8.90023782780324      13.525582819957     11.5844525627678
197 2     11.7200163355475     15.2722386381406      11.610096473061
198 2     14.5442883639815      17.014957866373     11.6188876791344
199 2     17.3639822922467     18.7606100431735     11.6117722739077
200 2     20.1713782076591     20.5145072190488     11.5926478890332
201 2      22.961976195569      22.278216625296       11.56884278666
202 2     25.7360088346115     24.0491715955688     11.5500376578705
203 2     28.4983668251178     25.8217542952234     11.5445067338582
204 2     31.2564811412238     27.5888626691982     11.5548784075798
205 2     34.0172885095175     29.3436469469069     11.5765833982139
206 2     36.7848107812046     31.0816385459811     11.6003000453294
207 2      39.559261555953     32.8026692255814     11.6167561308935
208 2     42.3379976159363     34.5116034152367      11.620305170143
209 2     45.1174009427815      36.217019054083     11.6091987130328
210 2     6.21942734929435     8.50355416780327     11.4962434446773
211 2     9.00980204096054     10.2634516450099     11.5500376578705
212 2     11.8169748681954     12.0107749351167     11.5935224362689
213 2     14.6340247699457     13.7495600113329     11.6206713883602
214 2     17.4523783216674     15.4867236203994     11.6304420924542
215 2     20.2638834579253     17.2293446428415     11.6251317700324
216 2     23.0624337479952     18.9818672611038      11.610065924782
217 2     25.8456487788508     20.7444269693166     11.5935224362689
218 2     28.6158794091715     22.5129914000351     11.5844525627678
219 2     31.3794005474456     24.2807167583074     11.5881760898578
220 2     34.1436574761043      26.040050396405      11.603198301804
221 2     36.9140819211687     27.7851783471069     11.6219509739507
222 2     39.6921860727567     29.5140748861011     11.6349687132966
223 2     42.4758193382866       31.22959808501     11.6352039396567
224 2     45.2609009502939     32.9389568273869     11.6195486596823
225 2      48.043017261066     34.6515133284599     11.5881760898578
226 2     50.8181117773845     36.3760429526975     11.5445067338582
227 2     3.60724658458554     3.46303432372205     11.4051411269866
228 2     6.36529746805908     5.23705276655925     11.4547087537848
229 2     9.13922071892144     6.99915276271719     11.5138277539181
230 2     11.9305103536964     8.74654639380831       11.56884278666
231 2     14.7350038666224     10.4817198683075      11.610065924782
232 2     17.5455287093378     12.2111231286416     11.6336703879669
233 2     20.3543756031598     13.9427268495323     11.6402784380699
234 2     23.1548784834745     15.6831797191779     11.6336703879669
235 2     25.9429558757001     17.4353976525643     11.6206713883602
236 2     28.7186384655143     19.1976636701914      11.610096473061
237 2     31.4864409784284     20.9643058421352     11.6091987130328
238 2     34.2535761381771     22.7276116074323     11.6195486596823
239 2     37.0266241693261     24.4805427357406     11.6358810929155
240 2     39.8087109306841     26.2191687146113     11.6490722885383
241 2     42.5987101548442     27.9441848834568     11.6507236340817
242 2     45.3924598229189     29.6609612223433     11.6358810929155
243 2     48.1845164210616     31.3779297866056      11.603198301804
244 2     50.9694153624339     33.1038917014208     11.5548784075798
245 2     53.7428291634455     34.8453395640391     11.4977964379656
246 2     56.5035959234684      36.604017181914     11.4435956619917
247 2     3.77443207487685     0.19463243352549     11.3914516150548
248 2     6.52523514112827     1.96929784521061       11.43098009141
249 2     9.28681981622838     3.73247189523977     11.4863646389272
250 2     12.0631659004222     5.47964015081322     11.5442136666461
251 2      14.853226498355     7.21167234765218     11.5926478890332
252 2     17.6520081197793     8.93436553246981     11.6251317700324
253 2     20.4530565486978     10.6560429257405     11.6402784380699
254 2     23.2500678481424     12.3848450933417     11.6402784380699
255 2     26.0382069158207      14.126050075394     11.6304420924542
256 2     28.8157415746102     15.8804127322535     11.6188876791343
257 2     31.5852612707291     17.6440826708208     11.6140441875901
258 2      34.353075909103     19.4099797731475      11.620305170143
259 2     37.1264650392602     21.1703395510095     11.6352039396567
260 2     39.9102709254552     22.9194727208168     11.6507236340817
261 2               42.705      24.655743245743     11.6576038853683
262 2     45.5071107076216     26.3822904220396     11.6490722885383
263 2     48.3106293366915     28.1061078625635     11.6219509739507
264 2     51.1086994409443     29.8355702466688     11.5765833982139
265 2     53.8949638165008      31.577661614695     11.5178357507425
266 2     56.6657269950626     33.3355246553704     11.4561753858613
267 2     59.4223538864651     35.1069105416007     11.4054205814042
268 2     62.1705164164436     36.8857259085438     11.3771927168834
269 2     9.44591863668285    0.462495953877975     11.4767537838642
270 2      12.211559975772     2.20970106927564     11.5293273844783
271 2     14.9891298314761     3.93973165328458      11.577042573413
272 2     17.7758439659949     5.65734475436202     11.6117722739077
273 2     20.5669147625119     7.37084117282108     11.6304420924542
274 2     23.3570928071877      9.0893120207949     11.6336703879669
275 2     26.1416084222954     10.8199046933032     11.6251317700324
276 2     28.9176737417584     12.5656600710789     11.6117722739077
277 2      31.686138803957     14.3247746233233     11.6024361432355
278 2     34.4519459633005     16.0914572945958     11.6038819259132
279 2      37.222424360732     17.8579908496178     11.6167561308935
280 2     40.0039683430618     19.6174040276956     11.6349687132966
281 2     42.7991783616944      21.365770600578     11.6490722885383
282 2     45.6060189197006     23.1035721329553     11.6507236340817
283 2     48.4188455841815     24.8357508234321     11.6349687132966
284 2      51.230083181463     26.5698298543114     11.6003000453294
285 2     54.0317408857514     28.3130452316139     11.5489791023619
286 2     56.8174053860151     30.0697034563243     11.4885222819779
287 2     59.5850929833289     31.8394551996812     11.4315367317104
288 2     15.1373268690594    0.665064350176734      11.571767828441
289 2     17.9150493253061     2.38022640488616     11.6024361432355
290 2     20.6974700614083     4.08824426998789     11.6188876791344
291 2     23.4805193543542     5.79865720471728     11.6206713883602
292 2     26.2600623853824     7.52002773920319      11.610065924782
293 2      29.032895293986     9.25743530191348     11.5926478890332
294 2     31.7985273884238     11.0111013880392      11.577042573413
295 2     34.5603739430658     12.7767774389059      11.571767828441
296 2      37.325096343548     14.5474691467751     11.5806381745844
297 2     40.1001060373324     16.3157613369363     11.6003000453294
298 2     42.8902887421397     18.0759435275585     11.6219509739507
299 2      45.695916007755      19.825725779145     11.6358810929155
300 2     48.5127156224532     21.5672921012094     11.6352039396567
301 2      51.333314083315     23.3065696620298     11.6167561308935
302 2     54.1489739863484     25.0507470588267     11.5806381745844
303 2     56.9513576547906     26.8053242587353     11.5309042334224
304 2     20.8400931840391    0.807934887583924     11.6140441875901
305 2     23.6188451989382     2.51371256028239     11.6100964730611
306 2     26.3948763529538     4.22841296418112     11.5935224362689
307 2     29.1650134507346      5.9588518495102       11.56884278666
308 2     31.9279094755874     7.70718804442524     11.5442136666461
309 2     34.6855627513517     9.47067062421799     11.5293273844783
310 2     37.4434129373487     11.2432450987993     11.5309042334224
311 2     40.2089459861998     13.0178469036629     11.5489791023619
312 2     42.9890120495382     14.7880125436532     11.5765833982139
313 2      45.786826102834     16.5492495542183      11.603198301804
314 2      48.600522911529     18.3006613024097     11.6195486596823
315 2     51.4239264749607     20.0456465488447      11.620305170143
316 2     54.2484162173173      21.790531766729     11.6038819259132
317 2     26.5413827630252    0.945040648622341     11.5844525627678
318 2      29.311689124428     2.67099162803577     11.5500376578705
319 2     32.0739455430582     4.41522093202046     11.5138277539181
320 2     34.8291746116967     6.17638593360263     11.4863646389272
321 2     37.5815074364527     7.94915752450924     11.4767537838642
322 2      40.337424384434     9.72706156765886     11.4885222819779
323 2     43.1045752421842     11.5039911287486     11.5178357507425
324 2     45.8891034963423     13.2744753666099     11.5548784075798
325 2     48.6925821914884     15.0349996504615     11.5881760898578
326 2     51.5111580787902     16.7859048410107     11.6091987130328
327 2     32.2309923935782     1.13440499757899     11.4962434446773
328 2     34.9869305291706     2.89398292670432     11.4547087537848
329 2     37.7369204678655     4.66637047527873       11.43098009141
330 2      40.486230553916     6.44529792696763     11.4315367317104
331 2      43.241547702502     8.22550830790588     11.4561753858613
332 2     46.0105346842301     10.0019046284184     11.4977964379656
333 2     48.7985213974977      11.769432489308     11.5445067338582
334 2     37.9023010091865     1.39245001810472     11.4051411269866
335 2     40.6492273307281     3.17143784493943     11.3914516150548
336 2     43.3972994341814     4.95250644808085     11.4054205814043
337 2     46.1532107983654     6.73167167137746     11.4435956619917
338 2     43.5637174656069     1.68312019991942     11.3771927168834
339 3     19.6171921126129     33.5914040468107     8.10362141930422
340 3     22.3884368712415     35.3843252974592     8.08922133733251
341 3     16.9964101572825     28.5256400190827     8.18896178745381
342 3     19.7781576355399     30.3018570415599      8.1432916115014
343 3     22.5534266860227     32.0895853864469     8.11738972274467
344 3     25.3241094228265     33.8808131468046     8.11768520983709
345 3     28.0911559748609     35.6671010354628     8.14387948136975
346 3     14.3322639562013     23.5079376865194     8.28329980974541
347 3     17.1336163892129     25.2554477140264     8.24112512753149
348 3     19.9248725247064     27.0199955190189     8.19844556477435
349 3     22.7068248537931     28.7989378304886     8.16694456178693
350 3     25.4813532403557     30.5853947924322      8.1558912952734
351 3     28.2499772449584     32.3705523948286     8.16849814444146
352 3     31.0135807921531     34.1454672326692     8.20074082453672
353 3      33.773647660379     35.9032389930052      8.2428151286894
354 3     11.6284389830417     18.5273271868037     8.32528401950485
355 3     14.4437967300608     20.2553723294549     8.31367136629691
356 3     17.2529609840455     21.9930524371654     8.28838700622562
357 3     20.0525706212325     23.7455351712018     8.25578739064198
358 3     22.8419181093904      25.513433089219     8.22564455921414
359 3     25.6221242497348     27.2922468455642     8.20823250584387
360 3     28.3947522176901     29.0737389273422     8.20988149647847
361 3     31.1610210816046     30.8484044477174     8.22990757866038
362 3     33.9222588269451     32.6082945216942     8.26088369761509
363 3     36.6806918484909     34.3497974017743     8.29228603171756
364 3     39.4388608472826     36.0749334439144     8.31530003023665
365 3     8.92350423546685      13.550643308165     8.29575466394092
366 3     11.7337683727587     15.2793086143414     8.32120947785242
367 3     14.5472742781502     17.0043847040895     8.32992586765486
368 3     17.3582790814117     18.7341788980331     8.32280373660788
369 3      20.162186276166     20.4755239134862     8.30376827066181
370 3     22.9568653125462     22.2317500100254     8.28013926333206
371 3     25.7424391814446     24.0011742977449     8.26153094976405
372 3     28.5201003818525     25.7772288280777     8.25617187231229
373 3     31.2911096746152     27.5504902869177     8.26665465506195
374 3     34.0567805430312     29.3119528530484     8.28836320367625
375 3     36.8189499248758     31.0563680925091     8.31198214590898
376 3     39.5797616046217     32.7840562677827     8.32831037927376
377 3     42.3404994947476     34.5005769243948     8.33173218893044
378 3       45.10099843291     36.2147687664805     8.32051134229879
379 3     6.25815878051834     8.54328707640953     8.20823250584387
380 3     9.04815374677247     10.2930191376345     8.26153094976406
381 3     11.8467785793702     12.0265526029445     8.30463545376558
382 3     14.6514671357669     13.7508982990104     8.33160104734846
383 3     17.4575511830106     15.4747894698325     8.34130307830612
384 3     20.2601389042864     17.2064098396408     8.33599557593694
385 3     23.0560405248937     18.9513536273146     8.32101904864005
386 3     25.8444107844147     20.7107273643983     8.30463545376558
387 3      28.625949224759     22.4803118558397     8.29575466394091
388 3      31.401797872803     24.2516272318226     8.29965934751549
389 3     34.1731578516448     26.0149966611808     8.31480958164958
390 3     36.9415652035661     27.7633925090169     8.33360364444101
391 3     39.7087644003674     29.4950459629261     8.34659731937397
392 3     42.4757903597224     31.2138300196371     8.34677271214062
393 3     45.2421732876113     32.9277732280539     8.33103939575072
394 3     48.0066263294673     34.6466614389661     8.29965934751549
395 3     50.7686848133536     36.3794838740235      8.2561718723123
396 3     3.63789051541577     3.48704775926207     8.11738972274467
397 3     6.41097580989164     5.26521824742442     8.16694456178694
398 3     9.18875975228661      7.0249648092864     8.22564455921414
399 3       11.97330706446     8.76535354691006     8.28013926333207
400 3     14.7646260601963     10.4914399915841     8.32101904864004
401 3     17.5601518318677     12.2117568467355     8.34447176333068
402 3     20.3558303063783     13.9354936305942     8.35103725021651
403 3     23.1481157381776     15.6701988645374     8.34447176333068
404 3     25.9353936839157     17.4196229768223     8.33160104734846
405 3     28.7178852259027     19.1822190685123     8.32120947785241
406 3     31.4965910395936      20.951225995702     8.32051134229878
407 3     34.2726252506465     22.7169847754621     8.33103939575072
408 3     37.0472828775376     24.4708945771128     8.34748771646065
409 3     39.8220358520554     26.2088044992853      8.3607257556746
410 3     42.5977545257812     27.9323097525043     8.36236987492983
411 3     45.3737749183417     29.6478943355367     8.34748771646065
412 3     48.1480690621275     31.3649085795785     8.31480958164956
413 3     50.9188696378795     33.0930887029483     8.26665465506194
414 3     53.6862203852299     34.8397835188737     8.20988149647848
415 3     56.4520522548448     36.6070331120599      8.1558912952734
416 3     3.80539469036809    0.193284697037143     8.10362141930423
417 3     6.57374320239481     1.97745843165083     8.14329161150141
418 3     9.34256120803471     3.74544801405292     8.19844556477435
419 3     12.1144780046661     5.49326798356798     8.25578739064198
420 3     14.8915829970422     7.22320355425064     8.30376827066181
421 3     17.6737425188013     8.94259005549304     8.33599557593694
422 3       20.45859334844     10.6609193451517     8.35103725021651
423 3     23.2430763451817     12.3872018928685     8.35103725021651
424 3     26.0252852075856      14.127537321344     8.34130307830612
425 3     28.8050919903899     15.8831134358717     8.32992586765486
426 3     31.5834165164772     17.6494277095412     8.32528401950486
427 3     34.3613741908811     19.4176597091762     8.33173218893045
428 3     37.1401350737237     21.1781984875232     8.34677271214061
429 3     39.9210329050648     22.9245826872479     8.36236987492983
430 3               42.705      24.655743245743     8.36927192323344
431 3     45.4914725731732     26.3759328092916     8.36072575567459
432 3     48.2780206062641     28.0931995608729     8.33360364444101
433 3     51.0615055337561     29.8172161893281     8.28836320367625
434 3     53.8399913771378     31.5567916488382     8.22990757866037
435 3     56.6137320859776     33.3167555893483     8.16849814444146
436 3     59.3845901745933      35.095501075442     8.11768520983708
437 3     62.1545061677513       36.88611200698     8.08922133733251
438 3     9.50286600562308      0.4565029598052     8.18896178745381
439 3     12.2663325010971     2.21042319474257     8.24112512753149
440 3     15.0319773906287     3.94497628410248     8.28838700622562
441 3     17.8015856145551       5.665621201466     8.32280373660788
442 3     20.5746636094038     7.38128807743798     8.34130307830612
443 3     23.3492324299546     9.10165915734157     8.34447176333069
444 3     26.1236185769123     10.8346149734806     8.33599557593694
445 3     28.8976353040332     12.5838147691154     8.32280373660788
446 3     31.6722686353899     14.3472338085558     8.31367136629692
447 3      34.448760774096      16.117588668109     8.31530003023666
448 3     37.2282936306908      17.885050891443     8.32831037927376
449 3     40.0121587101327     19.6412757421462     8.34659731937397
450 3     42.8014915747714     21.3824924286521      8.3607257556746
451 3     45.5962125691539     23.1103372974767     8.36236987492983
452 3        48.3940768895     24.8309080321566     8.34659731937396
453 3     51.1911287549555     26.5528997153647     8.31198214590898
454 3     53.9834820163996     28.2855445784964     8.26088369761509
455 3     56.7690516515041     30.0359472925686     8.20074082453672
456 3     59.5480375886266      31.806024523597     8.14387948136974
457 3      15.180396794792    0.658135836554689     8.28329980974541
458 3     17.9414346345493     2.38100873060379     8.31367136629691
459 3     20.7051337314599     4.09611672865327     8.32992586765485
460 3     23.4706391803174     5.81309359278177     8.33160104734846
461 3       26.23683341491      7.5408212497157     8.32101904864004
462 3     29.0037307267918     9.28488740087767     8.30376827066181
463 3     31.7725616253258     11.0455861473465     8.28838700622562
464 3     34.5448392490067     12.8175413455404     8.28329980974541
465 3     37.3218569109693     14.5915122682947     8.29228603171757
466 3     40.1049213201687     16.3579619293551     8.31198214590898
467 3     42.8954141901697     18.1106376673391     8.33360364444101
468 3     45.6939422041206     19.8484408245794     8.34748771646065
469 3     48.4990745665539     21.5752012300686     8.34677271214061
470 3     51.3069447646874     23.2981225780032     8.32831037927376
471 3     54.1124512405398     25.0259200671599     8.29228603171756
472 3     56.9112932158971     26.7667733883732      8.2428151286894
473 3      20.845644500481    0.806859972269548     8.32528401950485
474 3     23.6058464013386     2.52208718576079     8.32120947785242
475 3     26.3663106362151     4.24633490127164     8.30463545376558
476 3     29.1273276229939       5.986511311679     8.28013926333206
477 3     31.8904513741013      7.7448117138447     8.25578739064198
478 3       34.65755110969     9.51774395984548     8.24112512753148
479 3      37.430059123724     11.2972173558504      8.2428151286894
480 3     40.2092591566553     13.0733906370383      8.2608836976151
481 3     42.9967139232127     14.8380606948524     8.28836320367625
482 3     45.7937730862277     16.5873244964696     8.31480958164957
483 3     48.6002014617422     18.3224717337128     8.33103939575072
484 3     51.4131263143713     20.0489931036579     8.33173218893045
485 3     54.2273783786215     21.7747076252055     8.31530003023665
486 3     26.5080465397741     0.95265970460985     8.29575466394092
487 3     29.2669070717829     2.68942143323507     8.26153094976406
488 3      32.026822138323     4.44521697010902     8.22564455921414
489 3     34.7900662672588     6.21817133554265     8.19844556477435
490 3     37.5582238370944     8.00147188972656      8.1889617874538
491 3     40.3323675563428     9.78581521199107     8.20074082453671
492 3     43.1139875412576     11.5620336406733     8.22990757866037
493 3     45.9050206875052      13.323650747363     8.26665465506194
494 3     48.7065757977297     15.0689410664402     8.29965934751549
495 3     51.5174105274964     16.8012349750464     8.32051134229879
496 3     32.1772169697469     1.14808094664077     8.20823250584387
497 3     34.9396993363153     2.91945879070148     8.16694456178693
498 3     37.7055991620652     4.70429939540377      8.1432916115014
499 3     40.4758064365125     6.49410417816912     8.14387948136975
500 3      43.251290669064     8.27992175305198     8.16849814444146
501 3     46.0340273970801      10.053707291013     8.20988149647848
502 3     48.8262148047939     11.8105170351277      8.2561718723123
503 3     37.8661827985616      1.4069817229055     8.11738972274467
504 3      40.634913197019     3.19892612476663     8.10362141930423
505 3     43.4063004025802     4.99091551498239     8.11768520983709
506 3     46.1815945047996     6.77480183273681      8.1558912952734
507 3     43.5720569610072      1.6967924327897     8.08922133733251
508 4     23.2474509071498     36.8860985173617      16.727185157122
509 4     20.1549748357037     32.1088622641536     16.6987900944364
510 4     23.0798687330436     33.6046640399667     16.7127642921847
511 4      26.006616922123     35.1016761584406     16.6990430521184
512 4     28.9318887274338     36.6062376412975     16.6606417534903
513 4     17.0913430417179      27.319349832132     16.6068159200102
514 4     20.0002289022366      28.826008296869     16.6479945632579
515 4     22.9194062825497     30.3252059677685     16.6724101394781
516 4     25.8442609262544     31.8232503937741     16.6729597982334
517 4     28.7706884123285     33.3267930637152     16.6493365310777
518 4     31.6953815317692     34.8430103461165      16.608045904728
519 4     34.6159204083511     36.3775761879488     16.5603708372184
520 4     14.0837126017367     22.4981984217686     16.5180458752163
521 4     16.9665463937467      24.026275280201     16.5505825378147
522 4     19.8635169631119     25.5420802521156      16.586543164534
523 4     22.7738144751626     27.0479780233429     16.6152188876788
524 4      25.693640509969     28.5494808613264     16.6269344642163
525 4      28.618229637445     30.0535749960669     16.6175489971779
526 4     31.5433774175881      31.567747391988     16.5902130350799
527 4     34.4660214725967     33.0983465406154     16.5539654257296
528 4     37.3846895427809     34.6479616161229     16.5197752128045
529 4     40.2998669523526     36.2137233718863     16.4963842062204
530 4     11.1186259877991     17.6492006593927     16.4885200847148
531 4     13.9856846061082      19.192106698512     16.4892370468992
532 4     16.8602247059642     20.7292765217246     16.5037438494708
533 4     19.7471212906631     22.2562217530391     16.5281524956326
534 4     22.6479514842019     23.7721198748987     16.5543930462628
535 4      25.560785369554     25.2802472813475     16.5723248789762
536 4     28.4812432438253     26.7869723491188     16.5745036553456
537 4     31.4043580411291     28.3000411166033     16.5600722628359
538 4     34.3260619054543     29.8265725250338     16.5351051849375
539 4     37.2440444383859     31.3706682305273     16.5093714901112
540 4       40.15812577352     32.9315364693191     16.4919636736147
541 4      43.070008646096     34.5033135924297     16.4887007566289
542 4     45.9823838482757     36.0767452266892     16.5020502250169
543 4     8.14987070297646     12.7995202067996     16.5314538765267
544 4     11.0233828234411     14.3385441239325     16.4974575554664
545 4     13.8929099245251     15.8841165595154     16.4775330665449
546 4     16.7653921640366     17.4294367910548     16.4732652068007
547 4     19.6467825044769      18.968064863184     16.4832397674291
548 4     22.5405335738452     20.4961294931585      16.502231465401
549 4      25.446725785482     22.0139090005538     16.5213756304531
550 4     28.3622743038525     23.5258596988785     16.5314538765267
551 4     31.2821849253721     25.0392854718153     16.5276995389455
552 4     34.2014916327369       26.56195563675     16.5124298360572
553 4     37.1168238250836     28.0995180019932     16.4935106891099
554 4     40.0271667368411     29.6533305711376     16.4801478903251
555 4      42.933868878434     31.2196609168235     16.4793541193032
556 4     45.8398739998158     32.7906157818197     16.4949439501839
557 4     48.7485648485166     34.3564201700664     16.5276995389455
558 4     51.6625769228955     35.9082633821528     16.5745036553457
559 4     5.13360405424921     7.97660496667486     16.6269344642163
560 4     8.03127095562355     9.49616583004162     16.5723248789762
561 4     10.9170326761805      11.030556473087     16.5213756304531
562 4     13.7952782530467     12.5768086502293     16.4829554838328
563 4     16.6721407391337     14.1284705840742     16.4612594684775
564 4     19.5537471324698     15.6779105556965     16.4567069010328
565 4     22.4446685209533     17.2187517674422     16.4662451465473
566 4     25.3466966631111     18.7481491240863     16.4829554838328
567 4     28.2583520528891     20.2678132459071     16.4974575554664
568 4     31.1754302236903     21.7835399258294     16.5020502250169
569 4     34.0925567273013     23.3031874992084     16.4949439501839
570 4     37.0052678388219     24.8337785235565     16.4811330606212
571 4      39.911445259948     26.3788811579785     16.4692795324663
572 4     42.8117224682966     27.9372175860043     16.4675028915946
573 4     45.7090491539454     29.5028384531836     16.4811330606212
574 4     48.6075825392523     31.0668913175828     16.5124298360572
575 4      51.511375514558     32.6202373257673     16.5600722628359
576 4     54.4230446024122     34.1563283618313     16.6175489971779
577 4     57.3426128088743      35.673818036172     16.6729597982334
578 4     2.06257288922558     3.18542061884258     16.7127642921847
579 4     4.98289811564212     4.68618509646047     16.6724101394781
580 4     7.89385667320052     6.19871286489311     16.6152188876788
581 4     10.7937645444278     7.72764139154697     16.5543930462628
582 4     13.6845643927467     9.27260994322671      16.502231465401
583 4     16.5707892874602     10.8282772349453     16.4662451465473
584 4     19.4578687936609     12.3865720013037     16.4489230263793
585 4     22.3506516221036     13.9393201891478     16.4489230263793
586 4     25.2520440728626     15.4808821610181     16.4612594684775
587 4     28.1620934949509     17.0099436617291     16.4775330665449
588 4     31.0778431336236     18.5300019783062     16.4885200847148
589 4     33.9942495911669     20.0480648325196     16.4887007566289
590 4     36.9060461092776     21.5719906730622     16.4793541193031
591 4     39.8097986253186     23.1074304443118     16.4675028915945
592 4               42.705      24.655743245743     16.4618683399066
593 4      45.594058576246     26.2134636613726     16.4692795324663
594 4     48.4814845112825     27.7733583959184     16.4935106891099
595 4     51.3725385617711     29.3267018527113     16.5351051849375
596 4     54.2717824729175     30.8659898764432     16.5902130350799
597 4     57.1815052136801     32.3876861559282     16.6493365310777
598 4     60.1006348075627     33.8940007369598     16.6990430521183
599 4     63.0255729089559     35.3912974197248      16.727185157122
600 4     4.82042217477559     1.40028908827865     16.6987900944364
601 4     7.74083007409219     2.90770216240614     16.6479945632579
602 4      10.653151154611     4.43127017250024      16.586543164534
603 4     13.5569859242768     5.97339781280729     16.5281524956327
604 4     16.4547827156132     7.53058031991267     16.4832397674291
605 4     19.3506576142717     9.09508647804768     16.4567069010328
606 4     22.2489795842355     10.6577226781629     16.4489230263793
607 4     25.1530952532585     12.2106178348703     16.4567069010327
608 4     28.0641389526903     13.7496409546228     16.4732652068006
609 4     30.9805096499988     15.2756033611518     16.4892370468992
610 4     33.8980621181479     16.7938468639272     16.4963842062204
611 4      36.811389945156     18.3121888535794     16.4919636736147
612 4     39.7158790501566     19.8378779500511      16.480147890325
613 4     42.6094961638059     21.3748849178778     16.4692795324663
614 4     45.4934789063848     22.9225817069129     16.4675028915945
615 4     48.3719542130023     24.4760212160403     16.4801478903251
616 4     51.2507734021371     26.0276069986466     16.5093714901112
617 4     54.1359981911354     27.5696063042725     16.5539654257296
618 4     57.0322413381763     29.0967189750184      16.608045904728
619 4     59.9409873706169     30.6083602991578     16.6606417534903
620 4     10.5000775096406     1.14186234285612     16.6068159200102
621 4     13.4143620521545     2.68032255137144     16.5505825378148
622 4      16.322807577132     4.23674464801671     16.5037438494708
623 4     19.2279688832731     5.80453712293683     16.4732652068007
624 4     22.1333151880037     7.37426212352213     16.4612594684775
625 4     25.0420421915866      8.9365858662269     16.4662451465473
626 4     27.9559347799099     10.4849696855178     16.4832397674291
627 4     30.8744677169038     12.0175936988731     16.5037438494708
628 4     33.7946550717662     13.5376627650272     16.5180458752163
629 4      36.711640279699     15.0521100485813     16.5197752128045
630 4      39.620182159477     16.5689545080551     16.5093714901112
631 4     42.5166916636339     18.0943533393173     16.4935106891099
632 4     45.4006830072327     19.6306127604888     16.4811330606212
633 4     48.2750850122884     21.1755781473432     16.4793541193032
634 4      51.145484281324     22.7235044143304     16.4919636736147
635 4     54.0186701775201     24.2671580725248     16.5197752128045
636 4     56.9009449026921     25.8001751942423     16.5603708372184
637 4     16.1791323264971    0.947753681818704     16.5180458752163
638 4      19.091305743893     2.51590480895064     16.4892370468992
639 4      22.002496580524     4.08955464736998     16.4775330665449
640 4     24.9155250838422     5.65865709429883     16.4829554838328
641 4     27.8324020334081     7.21487543222925      16.502231465401
642 4     30.7533927850601     8.75399530276808     16.5281524956327
643 4     33.6765915540988      10.277017037042     16.5505825378148
644 4     36.5981346889569     11.7894783550378     16.5603708372184
645 4     39.5129803362679      13.299276892341     16.5539654257296
646 4     42.4163995327746     14.8139553594837     16.5351051849375
647 4     45.3059258280108     16.3383827828961     16.5124298360572
648 4      48.182569272883     17.8734264562008     16.4949439501839
649 4     51.0507417627371     19.4158513122795     16.4887007566288
650 4     53.9170709294995     20.9596595014154     16.4963842062204
651 4     21.8610308785773    0.804412230915539     16.4885200847148
652 4     24.7757651236698     2.37725749877478     16.4974575554664
653 4     27.6937415383375     3.93914939497359     16.5213756304531
654 4     30.6157839713703     5.48385360216875     16.5543930462628
655 4      33.540831882277     7.01026444399857      16.586543164534
656 4     36.4660794486415     8.52240269362637     16.6068159200102
657 4     39.3873771300545      10.027500416094      16.608045904728
658 4     42.2998401094944     11.5334924687977     16.5902130350799
659 4     45.1992664443129     13.0469512948583     16.5600722628359
660 4     48.0842502261113     14.5715240953472     16.5276995389455
661 4      50.957185928034     16.1069445847103     16.5020502250169
662 4     27.5453549931711    0.658234962936356     16.5314538765267
663 4     30.4654436748224     2.20720175722531     16.5723248789762
664 4     33.3898288516369     3.73692398037841     16.6152188876788
665 4     36.3164410236712     5.24990440933934     16.6479945632579
666 4     39.2421239019493     6.75263179677352     16.6606417534903
667 4     42.1628063739914     8.25275051758548     16.6493365310777
668 4     45.0737257601427     9.75732637933066     16.6175489971779
669 4     47.9711798332791     11.2719940059573     16.5745036553456
670 4     33.2302554357818    0.457529040613171     16.6269344642163
671 4     36.1551956018081     1.97222380438544     16.6724101394781
672 4     39.0821029895207     3.47446351618216     16.6987900944364
673 4     42.0077482703144     4.97155284182844     16.6990430521183
674 4     44.9281262648713      6.4701613072828     16.6729597982334
675 4     38.9150583777308    0.193530209805121     16.7127642921847
676 4     41.8419761838943     1.68983380014241      16.727185157122
677 5     22.2195569610072     35.2868224358248     18.3707786626675
678 5     25.1578946903681     36.7903301715773     18.3563785806958
679 5     19.1233064365125     30.4895106904453     18.3161205186302
680 5     22.0538004025802     31.9926993536321     18.3423147901629
681 5     24.9903905154158     33.4965671093524     18.3426102772553
682 5     27.9262432023948     35.0061564369636     18.3167083884986
683 5     30.8553660056231     36.5271119088093     18.2710382125462
684 5     16.0775591237239      25.686397512764     18.2171848713106
685 5     18.9798675563428     27.1977996566234     18.2592591754633
686 5      21.898790669064     28.7036931155625     18.2915018555585
687 5     24.8290945047996     30.2088130358776     18.3041087047266
688 5     27.7634758098916       31.71839662119     18.2930554382131
689 5     30.6950612080347     33.2381668545615     18.2615544352256
690 5     33.6188325010971     34.7731916738719     18.2188748724685
691 5      36.532896794792     36.3254790320598     18.1767001902546
692 5      13.096260774096     20.8660262005055     18.1446999697633
693 5     15.9693569109693     22.3921026003197     18.1677139682824
694 5     18.8567591566553     23.9102242315762     18.1991163023849
695 5     21.7614875412576     25.4215812279411     18.2300924213396
696 5     24.6815273970801     26.9299075776014     18.2501185035215
697 5     27.6106587805183     28.4403277922049     18.2517674941561
698 5     30.5412597522866     29.9586500593281     18.2343554407858
699 5     33.4669780046661     31.4903468850465      18.204212609358
700 5     36.3844773906287      33.038638584512     18.1716129937744
701 5     39.2939346345493     34.6026061380107     18.1463286337031
702 5      42.198144500481     36.1767548963449     18.1347159804951
703 5     10.1440910395936     16.0323888729125     18.1394886577012
704 5     13.0088741908811     17.5659551594382     18.1282678110695
705 5     15.8757936306909     19.0985639771715     18.1316896207262
706 5     18.7524213201687     20.6256529392594      18.148017854091
707 5     21.6442139232127      22.145554173762     18.1716367963237
708 5     24.5525206875052     23.6599641212515      18.193345344938
709 5     27.4737148047939     25.1730978334868     18.2038281276877
710 5     30.4006537467725       26.69059573098     18.1984690502359
711 5       33.32580706446     28.2182613217044     18.1798607366679
712 5     36.2440829970422     29.7604113143638     18.1562317293382
713 5     39.1540856145552     31.3179936671484     18.1371962633921
714 5     42.0576337314599     32.8874981399612     18.1300741323451
715 5     44.9583464013386     34.4615276828537     18.1387905221476
716 5     47.8605465397741     36.0309551640046     18.1642453360591
717 5     7.16760038185248     11.2063860405367     18.2038281276877
718 5      10.049297872803     12.7319876367919     18.1603406524845
719 5     12.9201252506465     14.2666300931523     18.1289606042493
720 5     15.7876350737237     15.8054163810913     18.1132272878594
721 5     18.6596587101327     17.3423391264682      18.113402680626
722 5     21.5429141901697     18.8729772012754      18.126396355559
723 5     24.4412730862277     20.3962903721448     18.1451904183504
724 5     27.3540757977297     21.9146738021742     18.1603406524845
725 5     30.2760042354668     23.4329715604495     18.1642453360591
726 5     33.1992785793702     24.9570622656699     18.1553645462344
727 5     36.1171260601963     26.4921748770303     18.1389809513599
728 5     39.0262425188013     28.0410248131214     18.1240044240631
729 5     41.9271636094038     29.6023267911765     18.1186969216939
730 5     44.8231391803174     31.1705212758327     18.1283989526515
731 5     47.7188106362151     32.7372799673428     18.1553645462344
732 5     50.6194070717829     34.2941934353794     18.1984690502359
733 5     53.5297169697469     35.8355339219737     18.2517674941561
734 5     4.12885324035566     6.39822007618221     18.3041087047266
735 5     7.04225221769007     7.90987594127222     18.2501185035215
736 5     9.93860967461525     9.43312458169677      18.193345344938
737 5     12.8206578516448     10.9686182074337     18.1451904183504
738 5     15.6947828775376     12.5127202915016     18.1125122835393
739 5     18.5685329050648     14.0590321813665     18.0976301250702
740 5     21.4489915747714     15.6011224399624     18.0992742443254
741 5     24.3414422041206      17.135174044035     18.1125122835393
742 5     27.2477014617422     18.6611431349016     18.1289606042493
743 5     30.1649105274963      20.182379893568     18.1394886577012
744 5     33.0862683727588     21.7043062542731     18.1387905221476
745 5     36.0039671357669     23.2327165696041     18.1283989526515
746 5     38.9126518318677      24.771858021879     18.1155282366693
747 5       41.81109334844     26.3226955234627     18.1089627497835
748 5     44.7017324299546     27.8819557112729     18.1155282366693
749 5       47.58933341491     29.4427936188987       18.13898095136
750 5     50.4798276229939     30.9971035569355     18.1798607366679
751 5      53.379322138323     32.5383978985054     18.2343554407858
752 5     56.2921993363152      34.064156077913     18.2930554382131
753 5     59.2186827985616     35.5766331457089     18.3426102772553
754 5     1.03593687124147     1.59928957115523     18.3707786626675
755 5     3.97160942282653      3.1028017218099     18.3423147901629
756 5     6.89747724495838     4.61306247378581     18.2915018555585
757 5     9.80852108160459     6.13521042089707     18.2300924213396
758 5     12.7042805430312     7.67166201556603     18.1716367963237
759 5     15.5890652035661     9.22022235959758      18.126396355559
760 5     18.4695358520554     10.7748103693292     18.0992742443254
761 5              21.3525     12.3278716228715     18.0907280767665
762 5     24.2437125691539     13.8732775711378     18.0976301250702
763 5     27.1465745665539     15.4084136385458     18.1132272878594
764 5     30.0606263143713     16.9346217649565     18.1282678110695
765 5     32.9809389830417     18.4562876818107     18.1347159804951
766 5     35.8997742781502      19.979230164525     18.1300741323451
767 5     38.8100511830106     21.5088253987819     18.1186969216939
768 5     41.7083303063783     23.0481212380202     18.1089627497835
769 5     44.5955763451817     24.5964129757459     18.1089627497835
770 5     47.4761185769123     26.1489998951338     18.1240044240631
771 5     50.3562307267918     27.6987274677368     18.1562317293382
772 5     53.2429513741014     29.2388031547698      18.204212609358
773 5     56.1425662672588     30.7654435330718     18.2615544352256
774 5     59.0580991620652     32.2793154732107     18.3167083884986
775 5      61.987413197019     33.7846887438478     18.3563785806958
776 5     6.73865597486085     1.31651383315164     18.3161205186302
777 5     9.66108079215307     2.83814763594523     18.2592591754633
778 5     12.5697588269451     4.37532034692024     18.1991163023849
779 5     15.4664499248758     5.92724677610531      18.148017854091
780 5     18.3562644003674     7.48856890568835      18.113402680626
781 5     21.2452545257812     9.05130511611017     18.0976301250702
782 5     24.1389725731732     10.6076820593229     18.0992742443254
783 5        27.0415768895     12.1527068364579      18.113402680626
784 5     29.9544447646874     13.6854922906113     18.1316896207262
785 5     32.8748783786215     15.2089072434089     18.1446999697633
786 5     35.7962967300608     16.7282425391595     18.1463286337031
787 5     38.7107790814117     18.2494359705814     18.1371962633921
788 5     41.6126389042864     19.7772050289736     18.1240044240631
789 5     44.5006157381776     21.3134160040771     18.1155282366693
790 5     47.3777852075856     22.8560775472705     18.1186969216939
791 5     50.2501353040332     24.3998000994991     18.1371962633921
792 5     53.1250616253258     25.9380287212679     18.1716129937744
793 5     56.0100511096901      27.465870908769     18.2188748724685
794 5     58.9107238370944     28.9821429788879     18.2710382125462
795 5      12.421147660379     1.08037587560921     18.2171848713106
796 5     15.3281918484909     2.63381746684013     18.1677139682824
797 5     18.2272616046217     4.19955860083174     18.1316896207262
798 5     21.1232903597224     5.76978484897731     18.1132272878594
799 5     24.0212749183417      7.3357205330778     18.1125122835393
800 5     26.9255206062641      8.8904153077415      18.126396355559
801 5     29.8386287549555     10.4307151532497      18.148017854091
802 5     32.7599512405398     11.9576948014546     18.1677139682824
803 5     35.6847639562013     13.4756771820951     18.1767001902546
804 5     38.6054609840455      14.990562431449     18.1716129937744
805 5      41.514686276166     16.5080909551283     18.1562317293382
806 5     44.4085405248937     18.0322612412998     18.1389809513599
807 5     47.2878936839157     19.5639918917921     18.1283989526515
808 5     50.1575919903899     21.1005014327427     18.1300741323451
809 5     53.0247686353899     22.6363810600587     18.1463286337031
810 5     55.8973392490067     24.1660735230741     18.1767001902546
811 5     18.0863608472826    0.908681424700016     18.1446999697633
812 5     20.9879994947476     2.48303794421968     18.1282678110695
813 5     23.8896732876113     4.05584164056053     18.1289606042493
814 5     26.7955690621275     5.61870628903594     18.1451904183504
815 5     29.7090055337561     7.16639867928637     18.1716367963237
816 5     32.6309820163996     8.69807029011802     18.1991163023849
817 5     35.5587932158971     10.2168414802412     18.2171848713106
818 5     38.4861163892129      11.728167154588     18.2188748724685
819 5     41.4050706212325     13.2380796974127      18.204212609358
820 5     44.3093653125461      14.751864858589     18.1798607366679
821 5     47.1969107844147     16.2728875042161     18.1553645462344
822 5     50.0703852259027     17.8013958001022     18.1387905221476
823 5     52.9359165164772     19.3341871590733     18.1347159804951
824 5       23.74849843291    0.768846102133943     18.1394886577012
825 5     26.6541263294674     2.33695342964838     18.1603406524845
826 5     29.5663696378795     3.89052616566621      18.193345344938
827 5     32.4874913771378     5.42682321977625     18.2300924213396
828 5     35.4165516515041     6.94766757604582     18.2592591754633
829 5     38.3489101572825     8.45797484953174     18.2710382125462
830 5     41.2773725247064     9.96361934959555     18.2615544352256
831 5     44.1944181093904     11.4701817793954     18.2343554407858
832 5     47.0949391814446     12.9824405708696     18.1984690502359
833 5      49.978449224759     14.5033030127748     18.1642453360591
834 5     29.4161848133536    0.604130994590931     18.2038281276877
835 5     32.3337203852299     2.14383134974079     18.2501185035215
836 5     35.2612320859776     3.66685927926615     18.2915018555585
837 5     38.1955375886266     5.17759034501746     18.3161205186302
838 5     41.1306576355399     6.68175782705459     18.3167083884986
839 5     44.0593248537931     8.18467703812588      18.293055438213
840 5     46.9746242497348     9.69136802305029     18.2517674941561
841 5     35.0995522548448    0.376581756554586     18.3041087047266
842 5     38.0320901745933     1.88811379317247     18.3423147901629
843 5     40.9696921126129     3.39221082180375     18.3563785806958
844 5     43.9059266860227     4.89402948216755     18.3426102772553
845 5     40.8020061677513   0.0975028616344572     18.3707786626675
846 6      22.211217465607      35.300494668695     15.0828072831166
847 6     25.1269320748769      36.788982435089     15.0685483849452
848 6      19.133730553916     30.5383169416468     15.0284632682896
849 6     22.0447994341814     32.0311084205336     15.0545794185957
850 6     24.9597465845855     33.5205805448924     15.0548588730134
851 6     27.8777351411283     35.0143170234038       15.02901990859
852 6     30.7984186366828     36.5211189147365     14.9832462161358
853 6     16.0909129373487     25.7403697698152     14.9290957665776
854 6      18.984924384434     27.2565533009556     14.9714777180221
855 6      21.889047702502     28.7581065607086     15.0038246141387
856 6     24.8007107983654      30.251943197237     15.0164043380083
857 6     27.7177974680591     31.7465621020552     15.0052912462152
858 6     30.6393198162284     33.2511429733747     14.9736353610727
859 6      33.564059975772     34.7739137993388     14.9306726155217
860 6     36.4898268690594     36.3185505184377      14.888232171559
861 6     13.0994459633005     20.8921575740186     14.8561180740868
862 6      15.972596343548     22.4361457218393     14.8793618254156
863 6     18.8564459861998     23.9657679649515     14.9110208976381
864 6     21.7520752421842     25.4796237398659     14.9421642492574
865 6     24.6580346842301     26.9817102401961     14.9622035620344
866 6     27.5719273492944     28.4800607008112     14.9637565553227
867 6     30.4917207189214     29.9844621058973     14.9461722460819
868 6     33.4156659004222     31.5039747178012     14.9157863333539
869 6     36.3416298314761     33.0438832153299      14.882957426587
870 6     39.2675493253061     34.6033884637283     14.8575638567645
871 6     42.1925931840391     36.1756799810305     14.8459558124099
872 6     10.1339409784284     16.0193090264792     14.8508012869672
873 6     13.0005759091031      17.573635095467     14.8396948298569
874 6      15.869924360732     19.1256240189967     14.8432438691065
875 6     18.7476060373324     20.6678535316781     14.8596999546706
876 6     21.6365120495382     22.1956023249613     14.8834166017861
877 6     24.5366034963423     23.7091395020045     14.9051215924202
878 6     27.4460213974977     25.2141823793065     14.9154932661418
879 6     30.3623020409605     26.7201632236046     14.9099623421295
880 6     33.2830103536964     28.2370684748061       14.89115721334
881 6     36.2057264983549     29.7719425209623     14.8673521109668
882 6     39.1283439659949     31.3262701142524     14.8482277260923
883 6     42.0499700614083     32.8953705986266     14.8411123208656
884 6     44.9713451989382     34.4699023083321     14.8499035269389
885 6     47.8938827630252     36.0385742199921     14.8755474372322
886 6     7.14586682511781      11.161860573391     14.9154932661418
887 6     10.0269005474456      12.702898110307     14.8718239101421
888 6     12.9010761381771     14.2560032611822     14.8404513403177
889 6     15.7739650392602     15.8132753176049     14.8247960603433
890 6     18.6514683430618     17.3662108409188     14.8250312867034
891 6     21.5377887421397     18.9076713410559     14.8380490260492
892 6     24.4343261028341     20.4343653143961      14.856801698196
893 6     27.3400821914884     21.9486152181529     14.8718239101422
894 6     30.2527378278032     23.4580320486574     14.8755474372322
895 6     33.1694748681954     24.9728399334977     14.8664775637311
896 6     36.0875038666224      26.501895000307      14.849934075218
897 6     39.0045081197793     28.0492493361446     14.8348682299676
898 6     41.9194147625119     29.6127736957934     14.8295579075458
899 6     44.8330193543542     31.1849576638972     14.8393286116398
900 6     47.7473763529538     32.7552019044333     14.8664775637311
901 6      50.664189124428     34.3126232405787     14.9099623421295
902 6     53.5834923935782     35.8492098710355     14.9637565553227
903 6     4.10569327816621     6.35207398467701     15.0164043380083
904 6     7.00913615232439     7.86362932384306     14.9622035620344
905 6     9.90398114122378     9.39475219941628     14.9051215924202
906 6     12.7911574761043     10.9435644722094      14.856801698196
907 6     15.6741241693261     12.5030721328739     14.8241189070845
908 6     18.5577709254552     14.0641421477976     14.8092763659183
909 6     21.4466783616944     15.6178442680365     14.8109277114617
910 6      24.343416007755     17.1578890894694     14.8241189070845
911 6      27.248022911529     18.6829535662047     14.8404513403177
912 6     30.1586580787902     20.1977100276037     14.8508012869672
913 6     33.0725163355475     21.7113762304738     14.8499035269389
914 6     35.9865247699457     23.2340548572816     14.8393286116398
915 6     38.8980287093378     24.7724917399728     14.8263296120331
916 6     41.8055565486978     26.3275719428739     14.8197215619301
917 6     44.7095928071878     27.8943028478196     14.8263296120331
918 6     47.6125623853824     29.4635871294113      14.849934075218
919 6     50.5175134507346     31.0247630191042       14.89115721334
920 6     53.4264455430582      32.568393936594     14.9461722460819
921 6     56.3394305291706     34.0896319419101     15.0052912462152
922 6     59.2548010091865     35.5911648505097     15.0548588730134
923 6     1.02826611794948     1.58523123984872     15.0828072831166
924 6     3.94284667935357     3.07580212106707     15.0545794185957
925 6     6.85522530243547     4.57741809466181     15.0038246141387
926 6     9.76296094131498     6.09803787482911     14.9421642492574
927 6     12.6647885095175     7.63996792170758     14.8834166017861
928 6     15.5615819211687     9.19843652150754     14.8380490260493
929 6     18.4562109306841     10.7644461540031     14.8109277114617
930 6              21.3525     12.3278716228715     14.8023961146317
931 6     24.2535189197006     13.8800427356592     14.8092763659183
932 6     27.1602156224532      15.416322767405     14.8247960603433
933 6     30.0714264749607     16.9379683197697     14.8396948298569
934 6     32.9846455452319     18.4520175584047     14.8459558124099
935 6     35.8967883639815     19.9686570022414     14.8411123208656
936 6     38.8048783216674      21.496891248215     14.8295579075458
937 6     41.7068756031599     23.0408880190822     14.8197215619301
938 6     44.6025678481424     24.5987697752728     14.8197215619301
939 6     47.4941084222954     26.1637101753113     14.8348682299676
940 6      50.385395293986      27.726179566701     14.8673521109668
941 6     53.2804094755874     29.2764268241892     14.9157863333539
942 6     56.1816746116967     30.8072289350118     14.9736353610727
943 6     59.0894204678655     32.3172443933357       15.02901990859
944 6     62.0017273307281      33.812177023675     15.0685483849452
945 6     6.69117646275514     1.30113825803434     15.0284632682896
946 6     9.60767022955083     2.81315015536873     14.9714777180221
947 6     12.5218131280488     4.34727726666242     14.9110208976381
948 6     15.4323107812046     5.90197632263332     14.8596999546706
949 6     18.3396860727567     7.46953998251334     14.8250312867034
950 6     21.2462101548442     9.03942998515764     14.8092763659183
951 6     24.1546107076216     10.6013244465749     14.8109277114617
952 6     27.0663455841815     12.1478640451823     14.8250312867034
953 6      29.980814083315     13.6770452065847     14.8432438691065
954 6     32.8959162173174     15.1930831018854     14.8561180740868
955 6     35.8088118707369     16.7050010282094     14.8575638567645
956 6     38.7164822922467     18.2230048254409     14.8482277260923
957 6     41.6163834579253     19.7542702257729     14.8348682299676
958 6     44.5073784834745     21.3004351494365     14.8263296120331
959 6     47.3907069158207     22.8575647932205     14.8295579075458
960 6     50.2701737417584     24.4179547975355     14.8482277260923
961 6     53.1510273884238     25.9725134805753      14.882957426587
962 6     56.0380627513517     27.5129442443965     14.9306726155217
963 6     58.9340074364527     29.0344573441052     14.9832462161358
964 6     12.3677294078607     1.06495448892009     14.9290957665775
965 6     15.2884296701036     2.61460133698738     14.8793618254156
966 6      18.206761555953     4.18094564303308     14.8432438691065
967 6     21.1233193382866     5.75401678360449     14.8247960603433
968 6     24.0399598229189     7.32265364627114     14.8241189070845
969 6     26.9581293366915     8.87750700605098     14.8380490260492
970 6      29.877583181463      10.413785014303     14.8596999546706
971 6     32.7964739863484     11.9328678097877     14.8793618254156
972 6     35.7122991878747     13.4418417890826      14.888232171559
973 6        38.6223427801     14.9508330413238      14.882957426587
974 6     41.5238782076591     16.4691076495657     14.8673521109668
975 6     44.4149337479952     18.0017476075107      14.849934075218
976 6     47.2954558757001     19.5482172160501     14.8393286116398
977 6     50.1682415746102     21.1032021363609     14.8411123208656
978 6      53.038638803957     22.6588402452912     14.8575638567645
979 6     55.9128739430658     24.2068374297086      14.888232171559
980 6     18.0621378193822    0.898374192710422     14.8561180740868
981 6     20.9854976159363     2.47201145337772     14.8396948298569
982 6     23.9084009502939     4.04465804122755     14.8404513403177
983 6     26.8320164210616     5.60568508200886      14.856801698196
984 6     29.7561994409443     7.14804462194561     14.8834166017861
985 6     32.6792408857514     8.67056963700051     14.9110208976381
986 6     35.5988576547906     10.1782906098792     14.9290957665775
987 6     38.5128772728764     11.6803716934936     14.9306726155217
988 6     41.4189246239903     13.1868281952384     14.9157863333539
989 6      44.314476195569     14.7053982433185       14.89115721334
990 6     47.1981487788508     16.2391878992978     14.8664775637311
991 6     50.0711384655143      17.785951198423     14.8499035269389
992 6     52.9377612707291     19.3395321977936     14.8459558124099
993 6     23.7649009427815    0.766595814531499     14.8508012869672
994 6      26.690517261066     2.33210154015452     14.8718239101422
995 6     29.6169153624339     3.87972316719365     14.9051215924202
996 6     32.5424638165008     5.40595325391945     14.9421642492574
997 6     35.4649053860151     6.91391141229012     14.9714777180221
998 6     38.3825739268644      8.4116534783872     14.9832462161358
999 6     41.2940055720749     9.90885782884239     14.9736353610727
1000 6     44.1968337380204     11.4143736947376     14.9461722460819
1001 6     47.0885088346115     12.9344432730456     14.9099623421295
1002 6     49.9683794091715     14.4706234685793     14.8755474372322
1003 6     29.4656117773845    0.607571915916969     14.9154932661418
1004 6     32.3903291634455     2.13827530457531     14.9622035620344
1005 6     35.3132269950626     3.64809021324406     15.0038246141387
1006 6     38.2325929833289     5.14415966893327     15.0284632682896
1007 6     41.1478443910062     6.63566832048932       15.02901990859
1008 6     44.0577720027703     8.13103569326355     15.0052912462152
1009 6     46.9595802571275     9.63795916538225     14.9637565553227
1010 6     35.1510959234684    0.379597686700437     15.0164043380083
1011 6     38.0698538864651     1.87670432701377     15.0545794185957
1012 6      40.986340594395      3.3660702784649     15.0685483849452
1013 6      43.900452406228     4.85548434182675     15.0548588730134
1014 6     40.8180164164436   0.0978889600706957     15.0828072831166
